mass_A
t	x	y
2.115777778E-1	9.575638560E-1	-1.101614434E1
2.158888889E-1	9.515073530E-1	-1.097329225E1
2.202000000E-1	9.467153543E-1	-1.091287449E1
2.245111111E-1	9.381417954E-1	-1.084470973E1
2.288222222E-1	9.302762727E-1	-1.078209712E1
2.331333333E-1	9.308261206E-1	-1.070419454E1
2.374444444E-1	9.273562705E-1	-1.061681224E1
2.417555556E-1	9.224580797E-1	-1.052467135E1
2.460666667E-1	9.286787565E-1	-1.043700952E1
2.503777778E-1	9.386773522E-1	-1.033945709E1
2.546888889E-1	9.475122290E-1	-1.023854489E1
2.590000000E-1	9.686789521E-1	-1.013857364E1
2.633111111E-1	9.778851798E-1	-1.002838042E1
2.676222222E-1	1.001932151E0	-9.903650801E0
2.719333333E-1	1.004269967E0	-9.789322625E0
2.762444444E-1	1.016648748E0	-9.644111447E0
2.806666667E-1	1.014241526E0	-9.473317568E0
2.849777778E-1	1.013037710E0	-9.266954742E0
2.892888889E-1	1.007028205E0	-9.030856172E0
2.936000000E-1	9.980568808E-1	-8.751238707E0
2.979111111E-1	9.752827945E-1	-8.466653583E0
3.022222222E-1	9.297339408E-1	-8.180999735E0
3.065333333E-1	9.225820074E-1	-7.849499149E0
3.108444444E-1	8.800616402E-1	-7.532079566E0
3.151555556E-1	8.330841571E-1	-7.206689377E0
3.194666667E-1	8.138319024E-1	-6.885945039E0
3.237777778E-1	7.913082124E-1	-6.587002973E0
3.280888889E-1	7.539582986E-1	-6.299463360E0
3.324000000E-1	7.470483655E-1	-6.004562631E0
3.367111111E-1	7.314734198E-1	-5.708409225E0
3.410222222E-1	6.997337831E-1	-5.440761605E0
3.453333333E-1	6.756491637E-1	-5.162894937E0
3.496444444E-1	6.513999632E-1	-4.904419849E0
3.539555556E-1	6.418160315E-1	-4.627372133E0
3.582666667E-1	6.156551868E-1	-4.360406219E0
3.625777778E-1	6.037810601E-1	-4.089208528E0
3.670000000E-1	5.678723900E-1	-3.807038330E0
3.713111111E-1	5.547329293E-1	-3.535556992E0
3.756222222E-1	5.256370967E-1	-3.290520982E0
3.799333333E-1	5.163945347E-1	-2.998366106E0
3.842444444E-1	4.934238787E-1	-2.744587705E0
3.885555556E-1	4.673571389E-1	-2.479776673E0
3.928666667E-1	4.440372556E-1	-2.216201250E0
3.971777778E-1	4.123683173E-1	-1.964368913E0
4.014888889E-1	3.978940432E-1	-1.698040785E0
4.058000000E-1	3.911746150E-1	-1.448449287E0
4.101111111E-1	3.714767560E-1	-1.196273764E0
4.144222222E-1	3.764623314E-1	-9.493585691E-1
4.187333333E-1	3.703859473E-1	-7.203724078E-1
4.230444444E-1	6.798134261E-1	-6.733389640E-1
4.273555556E-1	4.628917770E-1	-5.605859529E-1
4.316666667E-1	5.604543461E-1	-4.408459556E-1
4.359777778E-1	4.122206569E-1	2.578134903E-1
4.402888889E-1	4.325725651E-1	4.364207462E-1
4.446000000E-1	4.266785900E-1	5.785921504E-1
4.489111111E-1	4.619712687E-1	8.323915501E-1
4.532222222E-1	4.679934744E-1	1.056736096E0
4.575333333E-1	4.612110776E-1	1.269928086E0
4.619555556E-1	4.957450413E-1	1.501936766E0
4.662666667E-1	5.247330151E-1	1.697536510E0
4.705777778E-1	5.586848201E-1	1.934285996E0
4.748888889E-1	5.739652514E-1	2.138171666E0
4.792000000E-1	6.018665675E-1	2.366834679E0
4.835111111E-1	6.496219940E-1	2.584746983E0
4.878222222E-1	7.058632428E-1	2.800449965E0
4.921333333E-1	6.553358054E-1	3.016527028E0
4.964444444E-1	6.515737639E-1	3.230727690E0
5.007555556E-1	6.629127428E-1	3.443342205E0
5.050666667E-1	8.017675628E-1	3.536916475E0
5.093777778E-1	8.391002999E-1	3.651707855E0
5.136888889E-1	8.159758128E-1	3.739710211E0
5.180000000E-1	7.066100031E-1	3.954467970E0
5.223111111E-1	6.941564421E-1	4.655251752E0
5.266222222E-1	6.552362857E-1	4.718347842E0
5.309333333E-1	6.425272995E-1	4.846230364E0
5.352444444E-1	6.087543730E-1	4.917285193E0
5.395555556E-1	6.014219052E-1	5.023567271E0
5.438666667E-1	5.975868188E-1	5.113449484E0
5.482888889E-1	5.718626870E-1	5.177324331E0
5.526000000E-1	5.704291373E-1	5.244179218E0
5.569111111E-1	5.604330993E-1	5.308586848E0
5.612222222E-1	5.462061242E-1	5.358095652E0
5.655333333E-1	5.421806017E-1	5.400623933E0
5.698444444E-1	5.253124875E-1	5.429495506E0
5.741555556E-1	5.116708322E-1	5.468404119E0
5.784666667E-1	4.718835742E-1	5.478638863E0
5.827777778E-1	4.576211133E-1	5.515206862E0
5.870888889E-1	4.116123686E-1	5.530883637E0
5.914000000E-1	3.902599355E-1	5.553935400E0
5.957111111E-1	3.642296047E-1	5.582166246E0
6.000222222E-1	3.594516855E-1	5.610067876E0
6.043333333E-1	3.584569041E-1	5.628551094E0
6.086444444E-1	3.600738371E-1	5.640445809E0
6.129555556E-1	3.666479638E-1	5.637480460E0
6.172666667E-1	3.732179650E-1	5.628276041E0
6.215777778E-1	4.956747117E-1	5.402282928E0
6.258888889E-1	5.015254196E-1	5.381858270E0
6.302000000E-1	4.937692814E-1	5.356845691E0
6.346222222E-1	3.730758637E-1	5.523914046E0
6.389333333E-1	3.692531982E-1	5.493081106E0
6.432444444E-1	3.867477827E-1	5.463510665E0
6.475555556E-1	4.008771291E-1	5.443121047E0
6.518666667E-1	4.299658575E-1	5.398106289E0
6.561777778E-1	4.716382172E-1	5.379515458E0
6.604888889E-1	5.069031736E-1	5.352415674E0
6.648000000E-1	5.501252603E-1	5.332063314E0
6.691111111E-1	5.663192223E-1	5.302032253E0
6.734222222E-1	5.706417777E-1	5.272317442E0
6.777333333E-1	6.205796524E-1	5.254878139E0
6.820444444E-1	7.616158914E-1	5.045525566E0
6.863555556E-1	6.400637142E-1	5.232408264E0
6.906666667E-1	6.442153765E-1	5.210019378E0
6.949777778E-1	7.861335946E-1	4.999962821E0
6.992888889E-1	7.874096521E-1	4.986668134E0
7.036000000E-1	8.065941529E-1	4.950083559E0
7.079111111E-1	8.022271562E-1	4.931563506E0
7.122222222E-1	8.085221584E-1	4.917234742E0
7.165333333E-1	6.581712059E-1	5.042899587E0
7.209555556E-1	6.447704313E-1	4.962023182E0
7.252666667E-1	6.568512951E-1	4.912800857E0
7.295777778E-1	7.714954941E-1	4.885379951E0
7.338888889E-1	8.039204815E-1	4.852685812E0
7.382000000E-1	8.152883280E-1	4.816768129E0
7.425111111E-1	8.251250950E-1	4.692451142E0
7.468222222E-1	8.346477533E-1	4.668918587E0
7.511333333E-1	8.077198979E-1	3.949836818E0
7.554444444E-1	8.061803139E-1	3.820532386E0
7.597555556E-1	8.097467061E-1	3.691387034E0
7.640666667E-1	8.111106808E-1	3.608399279E0
7.683777778E-1	7.822933926E-1	3.529439382E0
7.726888889E-1	7.931677154E-1	3.363569395E0
7.770000000E-1	7.870633352E-1	3.216761173E0
7.813111111E-1	7.858357810E-1	3.067084524E0
7.856222222E-1	7.761620876E-1	2.901418173E0
7.899333333E-1	7.693872268E-1	2.737708223E0
7.942444444E-1	7.655307220E-1	2.564294783E0
7.985555556E-1	7.558733491E-1	2.389207693E0
8.028666667E-1	7.411226227E-1	2.213348482E0
8.072888889E-1	7.379885974E-1	2.027751482E0
8.116000000E-1	7.278431582E-1	1.843003608E0
8.159111111E-1	7.208836977E-1	1.660761227E0
8.202222222E-1	5.653666173E-1	1.660011342E0
8.245333333E-1	5.640418356E-1	1.478338847E0
8.288444444E-1	5.699511951E-1	1.290152593E0
8.331555556E-1	5.721042171E-1	1.103119508E0
8.374666667E-1	5.620038425E-1	9.136029061E-1
8.417777778E-1	5.640951519E-1	7.188296700E-1
8.460888889E-1	5.590370534E-1	5.140309631E-1
8.504000000E-1	6.066328901E-1	3.833607420E-1
8.547111111E-1	6.139753300E-1	2.361979228E-1
8.590222222E-1	8.166840376E-1	-3.098256380E-1
8.633333333E-1	8.109373928E-1	-5.341905311E-1
8.676444444E-1	8.117883774E-1	-6.433265632E-1
8.719555556E-1	7.187728411E-1	-7.321141767E-1
8.762666667E-1	1.076358132E0	-8.356031109E-1
8.805777778E-1	5.967089541E-1	-8.135852703E-1
8.848888889E-1	5.905049433E-1	-9.311367739E-1
8.892000000E-1	6.106735629E-1	-1.057970327E0
8.936222222E-1	5.985073991E-1	-1.178514250E0
8.979333333E-1	5.990333330E-1	-1.307043218E0
9.022444444E-1	6.107962541E-1	-1.428733281E0
9.065555556E-1	6.279152640E-1	-1.531771391E0
9.108666667E-1	6.419592468E-1	-1.650959774E0
9.151777778E-1	6.516089053E-1	-1.754753779E0
9.194888889E-1	6.515663947E-1	-1.858479376E0
9.238000000E-1	6.492683960E-1	-1.956917649E0
9.281111111E-1	6.408720123E-1	-2.061721002E0
9.324222222E-1	6.475340273E-1	-2.174737796E0
9.367333333E-1	6.441331108E-1	-2.288014093E0
9.410444444E-1	6.516489279E-1	-2.407421994E0
9.453555556E-1	6.596734281E-1	-2.520781610E0
9.496666667E-1	9.402299527E-1	-2.925299310E0
9.539777778E-1	9.396641511E-1	-3.052140065E0
9.582888889E-1	9.714660654E-1	-3.155349503E0
9.626000000E-1	9.429190763E-1	-3.278774876E0
9.669111111E-1	9.935429018E-1	-3.376404433E0
9.713333333E-1	9.406555876E-1	-3.497282071E0
9.756444444E-1	9.923102613E-1	-3.593163568E0
9.799555556E-1	6.364929349E-1	-3.379681601E0
9.842666667E-1	6.209662959E-1	-3.474116744E0
9.885777778E-1	1.007403773E0	-3.857614747E0
9.928888889E-1	1.125719072E0	-3.813702098E0
9.972000000E-1	1.090738815E0	-3.947515673E0
1.001511111E0	1.129212146E0	-3.952186014E0
1.005822222E0	1.124162364E0	-3.986744383E0
1.010133333E0	1.107716787E0	-4.063747374E0
1.014444444E0	6.472261825E-1	-3.775756949E0
1.018755556E0	6.470481232E-1	-3.780725492E0
1.023066667E0	6.459250095E-1	-3.771260125E0
1.027377778E0	6.468529779E-1	-3.765980505E0
1.031688889E0	6.483948220E-1	-3.753003942E0
1.036000000E0	6.503247095E-1	-3.720727169E0
1.040311111E0	6.568373925E-1	-3.707060929E0
1.044622222E0	6.503138003E-1	-3.722942997E0
1.048933333E0	6.699165386E-1	-3.694230240E0
1.053244444E0	6.691663016E-1	-3.645153131E0
1.057666667E0	1.044387213E0	-3.908826159E0
1.061977778E0	1.111196419E0	-3.842698379E0
1.066288889E0	6.547284628E-1	-3.475636130E0
1.070600000E0	1.092818151E0	-3.687280602E0
1.074911111E0	1.079611954E0	-3.598658014E0
1.079222222E0	1.064055123E0	-3.516248150E0
1.083533333E0	1.012284025E0	-3.416148754E0
1.087844444E0	6.927205534E-1	-3.003520751E0
1.092155556E0	6.880978914E-1	-2.900178023E0
1.096466667E0	6.661607619E-1	-2.803868137E0
1.100777778E0	6.607750631E-1	-2.697206889E0
1.105088889E0	6.558976659E-1	-2.568708608E0
1.109400000E0	9.708748374E-1	-2.748705682E0
1.113711111E0	9.443968609E-1	-2.652914849E0
1.118022222E0	9.915118834E-1	-2.527504644E0
1.122333333E0	1.010261136E0	-2.425959152E0
1.126644444E0	1.010932583E0	-2.341299680E0
1.130955556E0	9.900371647E-1	-2.238799935E0
1.135266667E0	9.947157308E-1	-2.150681636E0
1.139577778E0	9.536802786E-1	-2.063827963E0
1.144000000E0	9.885303205E-1	-1.964902628E0
1.148311111E0	9.326362276E-1	-1.883680510E0
1.152622222E0	9.865322773E-1	-1.787518011E0
1.156933333E0	1.003063305E0	-1.679652118E0
1.161244444E0	9.881776017E-1	-1.587793185E0
1.165555556E0	9.823232490E-1	-1.490530308E0
1.169866667E0	9.445793432E-1	-1.394565211E0
1.174177778E0	6.445078505E-1	-1.017486492E0
1.178488889E0	6.492840512E-1	-9.114357021E-1
1.182800000E0	6.474885110E-1	-8.163152120E-1
1.187111111E0	1.015206063E0	-9.429398333E-1
1.191422222E0	1.127851176E0	-7.683031379E-1
1.195733333E0	1.121613779E0	-6.368021576E-1
1.200044444E0	8.825148501E-1	-6.281340160E-1
1.204355556E0	8.617551534E-1	-5.450835340E-1
1.208666667E0	8.620763543E-1	-4.632985727E-1
1.212977778E0	8.950714034E-1	-4.037350752E-1
1.217288889E0	5.971669043E-1	1.400690589E-1
1.221600000E0	5.990143245E-1	2.737350560E-1
1.225911111E0	6.076981849E-1	3.845411565E-1
1.230222222E0	6.080472454E-1	5.146238712E-1
1.234533333E0	7.528066644E-1	5.349758711E-1
1.238955556E0	7.725011977E-1	6.010827874E-1
1.243266667E0	6.130653289E-1	9.582415468E-1
1.247577778E0	6.014652365E-1	1.104307857E0
1.251888889E0	6.123535567E-1	1.226268652E0
1.256200000E0	6.023078255E-1	1.340116677E0
1.260511111E0	5.751571670E-1	1.438893163E0
1.264822222E0	5.602472047E-1	1.530975119E0
1.269133333E0	5.410564531E-1	1.620007771E0
1.273444444E0	5.558331639E-1	1.696756364E0
1.277755556E0	5.653895922E-1	1.779332890E0
1.282066667E0	5.612101435E-1	1.842184824E0
1.286377778E0	5.615344270E-1	1.892565579E0
1.290688889E0	5.537755666E-1	1.944295036E0
1.295000000E0	5.658631829E-1	2.002467990E0
1.299311111E0	7.468626424E-1	1.884242477E0
1.303622222E0	5.705554856E-1	2.094915924E0
1.307933333E0	5.729549713E-1	2.137095175E0
1.312244444E0	5.701317097E-1	2.182979609E0
1.316555556E0	7.339303322E-1	2.070940415E0
1.320866667E0	7.320725109E-1	2.117825423E0
1.325288889E0	7.263812063E-1	2.164508656E0
1.329600000E0	5.736387074E-1	2.362874335E0
1.333911111E0	7.346635745E-1	2.259184763E0
1.338222222E0	7.291443114E-1	2.302228368E0
1.342533333E0	7.361641394E-1	2.344577264E0
1.346844444E0	5.679890939E-1	2.541900569E0
1.351155556E0	7.259706838E-1	2.419960096E0
1.355466667E0	7.181353463E-1	2.446567411E0
1.359777778E0	7.224777348E-1	2.484293700E0
1.364088889E0	7.142211309E-1	2.517664435E0
1.368400000E0	5.410762842E-1	2.696000141E0
1.372711111E0	5.393629283E-1	2.730474482E0
1.377022222E0	5.366923993E-1	2.749856346E0
1.381333333E0	6.769938583E-1	2.610445545E0
1.385644444E0	6.784614953E-1	2.618302726E0
1.389955556E0	6.741153193E-1	2.639705342E0
1.394266667E0	5.274418410E-1	2.818522548E0
1.398577778E0	5.213821563E-1	2.827168402E0
1.402888889E0	5.164075836E-1	2.836922415E0
1.407200000E0	5.177055634E-1	2.850583558E0
1.411622222E0	5.183170148E-1	2.854969693E0
1.415933333E0	5.152855741E-1	2.857546230E0
1.420244444E0	5.139215249E-1	2.861841182E0
1.424555556E0	5.135941952E-1	2.861815239E0
1.428866667E0	5.107290845E-1	2.862275768E0
1.433177778E0	4.877327525E-1	2.848076453E0
1.437488889E0	4.964514061E-1	2.825713551E0
1.441800000E0	4.813679004E-1	2.789716859E0
1.446111111E0	6.887160704E-1	2.691094171E0
1.450422222E0	4.854950232E-1	2.732573274E0
1.454733333E0	6.855060906E-1	2.655240177E0
1.459044444E0	4.948103887E-1	2.653986408E0
1.463355556E0	4.837281767E-1	2.603754143E0
1.467666667E0	4.790677718E-1	2.562377294E0
1.471977778E0	4.905150667E-1	2.527710849E0
1.476288889E0	4.819568833E-1	2.464172379E0
1.480600000E0	4.955861993E-1	2.419580325E0
1.484911111E0	4.619372624E-1	2.351551919E0
1.489222222E0	4.651504147E-1	2.289264333E0
1.493533333E0	4.709799638E-1	2.231075791E0
1.497955556E0	4.326221489E-1	2.157593204E0
1.502266667E0	4.314757989E-1	2.105128861E0
1.506577778E0	4.498238410E-1	2.061222526E0
1.510888889E0	5.228513556E-1	1.844664700E0
1.515200000E0	5.193475249E-1	1.787366207E0
1.519511111E0	4.309979524E-1	1.881845187E0
1.523822222E0	5.252921585E-1	1.667488723E0
1.528133333E0	5.227730041E-1	1.609966179E0
1.532444444E0	5.452517505E-1	1.536139186E0
1.536755556E0	4.286206488E-1	1.599021504E0
1.541066667E0	5.678628864E-1	1.406957209E0
1.545377778E0	5.459741410E-1	1.337193584E0
1.549688889E0	4.269384976E-1	1.388706751E0
1.554000000E0	4.652318531E-1	1.342208795E0
1.558311111E0	5.337975042E-1	1.302313706E0
1.562622222E0	4.795902720E-1	1.206651693E0
1.566933333E0	5.229753873E-1	1.158545558E0
1.571244444E0	5.033613161E-1	1.081167050E0
1.575555556E0	4.868404351E-1	9.828006935E-1
1.579866667E0	4.791805851E-1	8.950854481E-1
1.584288889E0	4.795085381E-1	8.088662541E-1
1.588600000E0	4.688044933E-1	7.252083033E-1
1.592911111E0	4.659915209E-1	6.335127861E-1
1.597222222E0	4.704997354E-1	5.317244564E-1
1.601533333E0	4.617210692E-1	4.380414036E-1
1.605844444E0	4.614168649E-1	3.582810319E-1
1.610155556E0	4.848063653E-1	3.021227388E-1
1.614466667E0	5.252312864E-1	2.544697329E-1
1.618777778E0	5.516327488E-1	1.947581067E-1
1.623088889E0	4.540500367E-1	1.027488708E-2
1.627400000E0	6.538752872E-1	-3.560893217E-1
1.631711111E0	6.661891933E-1	-4.750735317E-1
1.636022222E0	6.470237517E-1	-5.709427259E-1
1.640333333E0	6.074120326E-1	-6.323836401E-1
1.644644444E0	5.647599737E-1	-6.795950665E-1
1.648955556E0	5.429926513E-1	-7.236145896E-1
1.653266667E0	4.724465614E-1	-6.537501622E-1
1.657577778E0	4.696276538E-1	-7.184275262E-1
1.661888889E0	5.095389234E-1	-7.723271614E-1
1.666200000E0	5.195917639E-1	-8.589152282E-1
1.670622222E0	5.065095257E-1	-9.323512716E-1
1.674933333E0	5.283069934E-1	-1.014450981E0
1.679244444E0	5.201985433E-1	-1.086514351E0
1.683555556E0	5.062347365E-1	-1.163628283E0
1.687866667E0	5.175082755E-1	-1.228469928E0
1.692177778E0	4.946893461E-1	-1.287599749E0
1.696488889E0	5.078548282E-1	-1.348419203E0
1.700800000E0	4.787200063E-1	-1.434228932E0
1.705111111E0	5.225491769E-1	-1.453489566E0
1.709422222E0	4.851796992E-1	-1.531150058E0
1.713733333E0	4.987784033E-1	-1.559994618E0
1.718044444E0	4.999705875E-1	-1.611700548E0
1.722355556E0	5.058550449E-1	-1.657808026E0
1.726666667E0	5.015506739E-1	-1.701763562E0
1.730977778E0	5.028729628E-1	-1.740125800E0
1.735288889E0	4.833837773E-1	-1.798857649E0
1.739600000E0	5.117028106E-1	-1.803059778E0
1.743911111E0	5.001289866E-1	-1.837280736E0
1.748333333E0	5.183180611E-1	-1.859346548E0
1.752644444E0	5.080861395E-1	-1.883544138E0
1.756955556E0	5.198070405E-1	-1.905107187E0
1.761266667E0	5.041320363E-1	-1.925862944E0
1.765577778E0	5.114879282E-1	-1.941957932E0
1.769888889E0	4.880853625E-1	-1.960524514E0
1.774200000E0	5.065182142E-1	-1.970052769E0
1.778511111E0	5.226576538E-1	-1.984022832E0
1.782822222E0	5.329468407E-1	-1.981901712E0
1.787133333E0	5.442945333E-1	-1.992258617E0
1.791444444E0	5.318180030E-1	-2.022180879E0
1.795755556E0	5.377548661E-1	-2.013161963E0
1.800066667E0	5.457316690E-1	-2.016921660E0
1.804377778E0	5.490803597E-1	-2.019508394E0
1.808688889E0	5.502495195E-1	-2.020171434E0
1.813000000E0	5.516031352E-1	-2.019160506E0
1.817311111E0	5.517209216E-1	-2.013313566E0
1.821622222E0	5.511765330E-1	-2.005506022E0
1.825933333E0	5.657416477E-1	-1.990175947E0
1.830244444E0	5.615402791E-1	-1.979312482E0
1.834666667E0	5.519230354E-1	-1.966049583E0
1.838977778E0	5.601178185E-1	-1.941974457E0
1.843288889E0	5.650144239E-1	-1.911719362E0
1.847600000E0	5.636874355E-1	-1.892664380E0
1.851911111E0	5.678429053E-1	-1.859354576E0
1.856222222E0	5.703684754E-1	-1.822695222E0
1.860533333E0	5.620470712E-1	-1.797830387E0
1.864844444E0	5.689714269E-1	-1.756474603E0
1.869155556E0	5.653246320E-1	-1.706815149E0
1.873466667E0	5.625636867E-1	-1.653903905E0
1.877777778E0	5.742846374E-1	-1.598478371E0
1.882088889E0	5.656972363E-1	-1.537183376E0
1.886400000E0	5.665557571E-1	-1.481795038E0
1.890711111E0	5.815335631E-1	-1.406052279E0
1.895022222E0	5.737025168E-1	-1.352727800E0
1.899333333E0	5.647944262E-1	-1.291540813E0
1.903644444E0	5.752513255E-1	-1.221264926E0
1.907955556E0	5.846105443E-1	-1.131718669E0
1.912266667E0	5.988768196E-1	-1.055437077E0
1.916577778E0	5.827887040E-1	-9.865722566E-1
1.921000000E0	5.891314695E-1	-9.074913235E-1
1.925311111E0	5.828332518E-1	-8.042164266E-1
1.929622222E0	5.836001420E-1	-7.392538400E-1
1.933933333E0	5.881675417E-1	-6.847326570E-1
1.938244444E0	6.110519389E-1	-5.853137023E-1
1.942555556E0	5.949591744E-1	-5.571644540E-1
1.946866667E0	1.042949561E0	-5.799501144E-1
1.951177778E0	6.472879817E-1	-6.244176063E-1
1.955488889E0	6.657999732E-1	-5.841757696E-1
1.959800000E0	7.039957741E-1	-5.476389530E-1
1.964111111E0	7.774599811E-1	-5.067266131E-1
1.968422222E0	8.085213318E-1	-4.445929651E-1
1.972733333E0	8.520329450E-1	-3.289291674E-1
1.977044444E0	8.441672073E-1	-2.359373578E-1
1.981355556E0	5.928903502E-1	1.247514772E-1
1.985666667E0	5.995186223E-1	2.232753252E-1
1.989977778E0	5.916545021E-1	2.743137962E-1
1.994288889E0	5.857085377E-1	3.278148161E-1
1.998600000E0	5.967518109E-1	3.742642264E-1
2.002911111E0	6.082201554E-1	4.302960677E-1
2.007222222E0	6.232495588E-1	4.549208989E-1
2.011533333E0	6.565533283E-1	5.010039532E-1
2.015955556E0	6.360565109E-1	5.664986390E-1
2.020266667E0	6.772096651E-1	5.896697025E-1
2.024577778E0	7.591327180E-1	4.491864519E-1
2.028888889E0	7.442108735E-1	5.034942895E-1
2.033200000E0	7.404758684E-1	5.496358728E-1
2.037511111E0	7.324857518E-1	5.977608173E-1
2.041822222E0	6.223284286E-1	8.446792922E-1
2.046133333E0	6.050225344E-1	8.908350775E-1
2.050444444E0	6.010613221E-1	9.437079197E-1
2.054755556E0	5.913099830E-1	1.001463005E0
2.059066667E0	5.867624325E-1	1.050520596E0
2.063377778E0	6.076851506E-1	1.103865235E0
2.067688889E0	6.070905266E-1	1.149301128E0
2.072000000E0	6.105036770E-1	1.195619728E0
2.076311111E0	6.102309418E-1	1.244226070E0
2.080622222E0	7.718955362E-1	1.122035753E0
2.084933333E0	7.729115871E-1	1.171809079E0
2.089244444E0	7.784982357E-1	1.215583642E0
2.093555556E0	7.828585629E-1	1.257010942E0
2.097866667E0	7.887173042E-1	1.293332381E0
2.102288889E0	7.865750799E-1	1.338293833E0
2.106600000E0	7.929733674E-1	1.366283095E0
2.110911111E0	7.907444216E-1	1.401334897E0
2.115222222E0	7.900263459E-1	1.433538047E0
2.119533333E0	7.865758325E-1	1.448011407E0
2.123844444E0	7.881209660E-1	1.472300176E0
2.128155556E0	7.907435858E-1	1.492877055E0
2.132466667E0	7.771238730E-1	1.508451685E0
2.136777778E0	7.787391276E-1	1.529431347E0
2.141088889E0	7.810840147E-1	1.532514213E0
2.145400000E0	7.872296372E-1	1.538175832E0
2.149711111E0	7.901781751E-1	1.540900178E0
2.154022222E0	7.743090510E-1	1.550528662E0
2.158333333E0	7.711446016E-1	1.550874737E0
2.162644444E0	7.720586232E-1	1.552304564E0
2.166955556E0	7.722265181E-1	1.553395963E0
2.171266667E0	7.720303562E-1	1.553292936E0
2.175577778E0	7.722658413E-1	1.554849883E0
2.179888889E0	7.840208624E-1	1.545377797E0
2.184200000E0	7.832785331E-1	1.538644091E0
2.188622222E0	7.821411407E-1	1.534668686E0
2.192933333E0	7.746090228E-1	1.525035295E0
2.197244444E0	7.826610060E-1	1.497554813E0
2.201555556E0	7.827123961E-1	1.483685938E0
2.205866667E0	7.861361763E-1	1.457010634E0
2.210177778E0	7.847754991E-1	1.445884546E0
2.214488889E0	7.850717142E-1	1.430142209E0
2.218800000E0	7.868861340E-1	1.398109366E0
2.223111111E0	7.803814887E-1	1.374903464E0
2.227422222E0	7.864588990E-1	1.355994312E0
2.231733333E0	7.896973209E-1	1.320316956E0
2.236044444E0	7.802728873E-1	1.296862833E0
2.240355556E0	7.872443852E-1	1.270022750E0
2.244666667E0	7.770775801E-1	1.249250142E0
2.248977778E0	7.805693086E-1	1.222239784E0
2.253288889E0	7.710597297E-1	1.194331209E0
2.257600000E0	7.730581079E-1	1.169651090E0
2.261911111E0	7.889802432E-1	1.136184811E0
2.266222222E0	7.739198279E-1	1.108023655E0
2.270533333E0	7.815912976E-1	1.076063788E0
2.274955556E0	7.874436332E-1	1.034294189E0
2.279266667E0	7.888874527E-1	1.003976550E0
2.283577778E0	7.714817628E-1	9.669610622E-1
2.287888889E0	7.820865268E-1	9.353751714E-1
2.292200000E0	7.889939158E-1	9.016097961E-1
2.296511111E0	7.852335087E-1	8.591737783E-1
2.300822222E0	7.950419924E-1	8.236490575E-1
2.305133333E0	7.838376506E-1	7.924186913E-1
2.309444444E0	7.836096871E-1	7.586440985E-1
2.313755556E0	7.919254816E-1	7.201348136E-1
2.318066667E0	7.988061464E-1	6.782217469E-1
2.322377778E0	8.019780864E-1	6.366603479E-1
2.326688889E0	8.049327687E-1	5.934021862E-1
2.331000000E0	7.981736644E-1	5.548975156E-1
2.335311111E0	8.011801001E-1	5.089899575E-1
2.339622222E0	7.983448236E-1	4.565819911E-1
2.343933333E0	7.934646825E-1	4.037214635E-1
2.348244444E0	7.995406360E-1	3.734910570E-1
2.352555556E0	7.891434987E-1	3.729954420E-1
2.356866667E0	7.787819987E-1	3.601774303E-1
2.361288889E0	6.530283357E-1	3.605668379E-1
2.365600000E0	6.639128025E-1	3.079248828E-1
2.369911111E0	7.573742982E-1	2.656103580E-1
2.374222222E0	7.649607231E-1	2.138001556E-1
2.378533333E0	7.654298966E-1	1.482567622E-1
2.382844444E0	6.571430302E-1	4.364231408E-2
2.387155556E0	8.701803657E-1	-2.768412834E-1
2.391466667E0	9.090613141E-1	-3.588105813E-1
2.395777778E0	9.138497316E-1	-4.082051506E-1
2.400088889E0	9.385957323E-1	-5.029377143E-1
2.404400000E0	9.482829236E-1	-5.551910231E-1
2.408711111E0	9.527121344E-1	-5.930125497E-1
2.413022222E0	1.002440842E0	-6.192831281E-1
2.417333333E0	1.026033295E0	-6.537134991E-1
2.421644444E0	9.904820284E-1	-6.854363481E-1
2.425955556E0	9.299727793E-1	-7.248918092E-1
2.430266667E0	9.690050352E-1	-7.528660611E-1
2.434577778E0	1.034641885E0	-7.651634440E-1
2.438888889E0	1.139347724E0	-7.313743057E-1
2.443200000E0	1.058213045E0	-8.596464235E-1
2.447622222E0	6.420609756E-1	-6.331059446E-1
2.451933333E0	6.410234474E-1	-6.559856241E-1
2.456244444E0	6.496236162E-1	-6.779989042E-1
2.460555556E0	6.446121456E-1	-7.156179376E-1
2.464866667E0	6.475577835E-1	-7.549418759E-1
2.469177778E0	6.482490073E-1	-8.022302509E-1
2.473488889E0	1.007695772E0	-1.132182876E0
2.477800000E0	1.135031905E0	-1.079767640E0
2.482111111E0	9.547422889E-1	-1.212231185E0
2.486422222E0	9.289822454E-1	-1.253011144E0
2.490733333E0	1.134582127E0	-1.165449403E0
2.495044444E0	9.974327751E-1	-1.304131720E0
2.499355556E0	9.537579396E-1	-1.347692894E0
2.503666667E0	1.009135617E0	-1.355407630E0
2.507977778E0	9.926430545E-1	-1.387369632E0
2.512288889E0	1.013626780E0	-1.397501822E0
2.516600000E0	1.054049098E0	-1.395501938E0
2.520911111E0	1.087279763E0	-1.384778570E0
2.525333333E0	1.137062723E0	-1.359859640E0
2.529644444E0	6.546060187E-1	-1.167343900E0
2.533955556E0	6.558461287E-1	-1.170871132E0
2.538266667E0	6.557430150E-1	-1.183172845E0
2.542577778E0	6.606560468E-1	-1.193740080E0
2.546888889E0	6.575287725E-1	-1.205259679E0
2.551200000E0	6.563933960E-1	-1.211092862E0
2.555511111E0	6.598687050E-1	-1.223048662E0
2.559822222E0	6.617173159E-1	-1.228364007E0
2.564133333E0	1.158973545E0	-1.462850938E0
2.568444444E0	1.129193818E0	-1.468675257E0
2.572755556E0	1.132740964E0	-1.473131459E0
2.577066667E0	1.133144568E0	-1.478621850E0
2.581377778E0	1.129328755E0	-1.479613986E0
2.585688889E0	1.126583342E0	-1.480659477E0
2.590000000E0	1.126139494E0	-1.477713031E0
2.594311111E0	1.126702470E0	-1.477559193E0
2.598622222E0	1.147781205E0	-1.460288504E0
2.602933333E0	1.146259218E0	-1.448774394E0
2.607244444E0	1.128480074E0	-1.439794964E0
2.611666667E0	1.117843402E0	-1.432609353E0
2.615977778E0	1.083778944E0	-1.434005686E0
2.620288889E0	1.099034508E0	-1.407238509E0
2.624600000E0	1.081709959E0	-1.385544127E0
2.628911111E0	1.096658974E0	-1.348809288E0
2.633222222E0	1.001889058E0	-1.344549871E0
2.637533333E0	1.037973387E0	-1.297355502E0
2.641844444E0	1.050618967E0	-1.262852437E0
2.646155556E0	1.058738549E0	-1.225779947E0
2.650466667E0	9.909886131E-1	-1.203753881E0
2.654777778E0	9.725515668E-1	-1.166313491E0
2.659088889E0	9.587599074E-1	-1.127720768E0
2.663400000E0	9.746568285E-1	-1.084053913E0
2.667711111E0	9.780999226E-1	-1.039179730E0
2.672022222E0	9.864540211E-1	-9.898664705E-1
2.676333333E0	1.023708925E0	-9.486604095E-1
2.680644444E0	1.099587174E0	-8.638009136E-1
2.684955556E0	1.110718007E0	-8.207814959E-1
2.689266667E0	1.095089069E0	-7.780360699E-1
2.693577778E0	9.151064676E-1	-7.514240027E-1
2.698000000E0	7.677298181E-1	-6.466764735E-1
2.702311111E0	8.087070289E-1	-6.393892383E-1
2.706622222E0	9.189975384E-1	-6.284924016E-1
2.710933333E0	9.271043665E-1	-5.932320676E-1
2.715244444E0	9.544505912E-1	-5.634192558E-1
2.719555556E0	9.874710871E-1	-5.382324488E-1
2.723866667E0	9.969595373E-1	-5.107696489E-1
2.728177778E0	1.006950222E0	-4.636414427E-1
2.732488889E0	9.655636558E-1	-4.011667244E-1
2.736800000E0	9.436262864E-1	-3.556213129E-1
2.741111111E0	9.100503737E-1	-3.031306937E-1
2.745422222E0	6.539686132E-1	2.461716135E-2
2.749733333E0	6.574306401E-1	7.354969729E-2
2.754044444E0	6.543265991E-1	1.279911700E-1
2.758355556E0	6.696677762E-1	1.772915231E-1
2.762666667E0	6.717408733E-1	2.078747541E-1
2.766977778E0	6.870010586E-1	2.431239902E-1
2.771288889E0	6.866674163E-1	2.823168842E-1
2.775600000E0	6.913906191E-1	3.191119309E-1
2.779911111E0	6.794135950E-1	3.499555314E-1
2.784222222E0	6.545570732E-1	3.741226598E-1
2.788533333E0	6.492172621E-1	4.050763444E-1
2.792955556E0	6.502587200E-1	4.418702841E-1
2.797266667E0	6.496136617E-1	4.827361328E-1
2.801577778E0	6.463151312E-1	5.223669215E-1
2.805888889E0	6.439497370E-1	5.734674635E-1
2.810200000E0	6.463660641E-1	6.101909722E-1
2.814511111E0	6.503087544E-1	6.538002896E-1
2.818822222E0	6.404582374E-1	6.925591322E-1
2.823133333E0	6.441823591E-1	7.393866465E-1
2.827444444E0	6.529424000E-1	7.768587821E-1
2.831755556E0	6.874926689E-1	8.230761668E-1
2.836066667E0	6.726277814E-1	8.707680612E-1
2.840377778E0	6.816808350E-1	9.030522594E-1
2.844688889E0	6.751826949E-1	9.262564960E-1
2.849000000E0	6.809005693E-1	9.656997294E-1
2.853311111E0	6.833755881E-1	9.769104526E-1
2.857622222E0	6.885285315E-1	9.886746868E-1
2.861933333E0	7.134122189E-1	9.761386140E-1
2.866244444E0	7.130079245E-1	9.769501028E-1
2.870555556E0	7.683074813E-1	8.476743527E-1
2.874866667E0	6.664844383E-1	1.019813008E0
2.879288889E0	6.607960067E-1	1.026870356E0
2.883600000E0	6.545487180E-1	1.031596148E0
2.887911111E0	6.456649786E-1	1.033055202E0
2.892222222E0	6.385894112E-1	1.042429423E0
2.896533333E0	6.346913100E-1	1.044498635E0
2.900844444E0	6.318611794E-1	1.045702969E0
2.905155556E0	6.435570220E-1	1.057728795E0
2.909466667E0	6.425777810E-1	1.060738384E0
2.913777778E0	6.383897008E-1	1.069432594E0
2.918088889E0	6.402325481E-1	1.073237593E0
2.922400000E0	6.425108995E-1	1.078191974E0
2.926711111E0	6.421461244E-1	1.086613999E0
2.931022222E0	6.408998668E-1	1.096750259E0
2.935333333E0	6.505605911E-1	1.100347010E0
2.939644444E0	6.522133929E-1	1.104732110E0
2.943955556E0	6.505973274E-1	1.108332968E0
2.948266667E0	6.511016428E-1	1.108813157E0
2.952577778E0	6.508113098E-1	1.108812582E0
2.956888889E0	6.515636526E-1	1.109027397E0
2.961200000E0	6.478576730E-1	1.097581335E0
2.965622222E0	6.452494533E-1	1.092387180E0
2.969933333E0	6.480945459E-1	1.080869731E0
2.974244444E0	6.451214891E-1	1.070424129E0
2.978555556E0	6.460050665E-1	1.062928977E0
2.982866667E0	6.396352901E-1	1.047484050E0
2.987177778E0	6.450420568E-1	1.032950334E0
2.991488889E0	6.457448930E-1	1.023026844E0
2.995800000E0	6.482437369E-1	1.002009927E0
3.000111111E0	7.932067542E-1	8.195683150E-1
3.004422222E0	7.863425637E-1	7.937185144E-1
3.008733333E0	7.969865544E-1	7.719203556E-1
3.013044444E0	7.960699234E-1	7.550545067E-1
3.017355556E0	8.037848975E-1	7.178805610E-1
3.021666667E0	8.116759540E-1	6.814656484E-1
3.025977778E0	8.034440829E-1	6.611657567E-1
3.030288889E0	8.122039687E-1	6.346776738E-1
3.034600000E0	8.194881402E-1	6.020893596E-1
3.038911111E0	8.131387947E-1	5.838290472E-1
3.043222222E0	8.156498484E-1	5.553792509E-1
3.047533333E0	8.082497651E-1	5.340728938E-1
3.051955556E0	8.187752043E-1	5.031970703E-1
3.056266667E0	8.077144761E-1	4.785360128E-1
3.060577778E0	8.138079584E-1	4.433535390E-1
3.064888889E0	8.170871237E-1	4.195752829E-1
3.069200000E0	8.170999144E-1	4.120477529E-1
3.073511111E0	8.043212140E-1	3.999020959E-1
3.077822222E0	8.058776293E-1	3.998727771E-1
3.082133333E0	8.069489917E-1	4.002721271E-1
3.086444444E0	8.081538732E-1	3.895592194E-1
3.090755556E0	8.019862902E-1	3.918872482E-1
3.095066667E0	7.881750129E-1	3.962797842E-1
3.099377778E0	7.750410808E-1	3.833456140E-1
3.103688889E0	7.824238841E-1	3.653555039E-1
3.108000000E0	6.623350634E-1	3.604887982E-1
3.112311111E0	6.664803962E-1	3.419999782E-1
3.116622222E0	6.593307573E-1	3.154085716E-1
3.120933333E0	6.784121461E-1	2.994195095E-1
3.125244444E0	6.570175285E-1	2.685089073E-1
3.129555556E0	6.538864045E-1	2.371229805E-1
3.133866667E0	6.570457449E-1	2.098882659E-1
3.138288889E0	6.488002955E-1	1.855877656E-1
3.142600000E0	6.453846619E-1	1.448974396E-1
3.146911111E0	6.389521948E-1	1.010570927E-1
3.151222222E0	6.352418971E-1	5.242225138E-2
3.155533333E0	8.773653862E-1	-2.732657103E-1
3.159844444E0	9.208012717E-1	-3.180983587E-1
3.164155556E0	9.541199443E-1	-3.598082356E-1
3.168466667E0	9.876209333E-1	-4.102107248E-1
3.172777778E0	1.009671124E0	-4.327732759E-1
3.177088889E0	1.066654819E0	-5.360535104E-1
3.181400000E0	1.084104650E0	-5.472523560E-1
3.185711111E0	1.058915735E0	-5.641247970E-1
3.190022222E0	1.034761508E0	-5.881083286E-1
3.194333333E0	1.027016818E0	-6.007577833E-1
3.198644444E0	9.979848942E-1	-6.380641056E-1
3.202955556E0	9.874141524E-1	-6.716662978E-1
3.207266667E0	1.015759021E0	-6.875502629E-1
3.211577778E0	9.825634914E-1	-7.145208009E-1
3.215888889E0	9.579416439E-1	-7.326882627E-1
3.220200000E0	1.079682385E0	-7.293426129E-1
3.224622222E0	1.035684532E0	-7.640036917E-1
3.228933333E0	1.010918064E0	-8.044528545E-1
3.233244444E0	1.062703411E0	-8.177994212E-1
3.237555556E0	1.115621446E0	-8.223741709E-1
3.241866667E0	1.078028159E0	-8.445280565E-1
3.246177778E0	1.087700522E0	-8.617334714E-1
3.250488889E0	1.120549345E0	-8.583296513E-1
3.254800000E0	1.133749612E0	-8.715320962E-1
3.259111111E0	6.278140563E-1	-6.235820847E-1
3.263422222E0	6.256614154E-1	-6.288394145E-1
3.267733333E0	6.270603983E-1	-6.299774696E-1
3.272044444E0	6.314501875E-1	-6.378590051E-1
3.276355556E0	6.350586230E-1	-6.483465639E-1
3.280666667E0	6.289574941E-1	-6.608780589E-1
3.284977778E0	6.230358565E-1	-6.606941667E-1
3.289288889E0	6.241517636E-1	-6.772838165E-1
3.293600000E0	6.241252656E-1	-6.835628149E-1
3.297911111E0	6.159300906E-1	-7.065457264E-1
3.302333333E0	6.146572473E-1	-7.107956295E-1
3.306644444E0	6.135713301E-1	-7.154298563E-1
3.310955556E0	6.121149331E-1	-7.133592420E-1
3.315266667E0	6.076016222E-1	-7.187835735E-1
3.319577778E0	6.060664653E-1	-7.207522418E-1
3.323888889E0	6.036349011E-1	-7.198109390E-1
3.328200000E0	6.012294299E-1	-7.201008671E-1
3.332511111E0	5.995272705E-1	-7.217578852E-1
3.336822222E0	5.954455614E-1	-7.228371388E-1
3.341133333E0	5.889919424E-1	-7.224180022E-1
3.345444444E0	5.889409418E-1	-7.213552582E-1
3.349755556E0	5.803560032E-1	-7.279369242E-1
3.354066667E0	5.772590292E-1	-7.274324443E-1
3.358377778E0	5.745155710E-1	-7.288487072E-1
3.362688889E0	5.746140361E-1	-7.279268780E-1
3.367000000E0	5.719025764E-1	-7.220103684E-1
3.371311111E0	5.700269606E-1	-7.202764721E-1
3.375622222E0	5.667043320E-1	-7.066058480E-1
3.379933333E0	5.771594073E-1	-6.839216351E-1
3.384244444E0	9.859179516E-1	-9.399023036E-1
3.388666667E0	5.670998975E-1	-6.635924700E-1
3.392977778E0	5.690269574E-1	-6.411377186E-1
3.397288889E0	5.623121900E-1	-6.326479390E-1
3.401600000E0	5.616238527E-1	-6.231824497E-1
3.405911111E0	5.580339367E-1	-6.180138209E-1
3.410222222E0	5.624232626E-1	-6.059048261E-1
3.414533333E0	5.585754611E-1	-6.016739176E-1
3.418844444E0	5.585565444E-1	-5.999714324E-1
3.423155556E0	5.621016421E-1	-5.898090064E-1
3.427466667E0	6.484791341E-1	-6.310552482E-1
3.431777778E0	6.809886148E-1	-6.403040979E-1
3.436088889E0	7.140512323E-1	-6.455677015E-1
3.440400000E0	8.563295203E-1	-6.505052430E-1
3.444711111E0	9.339577396E-1	-6.313863141E-1
3.449022222E0	9.253661388E-1	-6.028791757E-1
3.453333333E0	9.614060045E-1	-5.778756239E-1
3.457644444E0	9.503192633E-1	-5.610384686E-1
3.461955556E0	9.636563499E-1	-5.357345416E-1
3.466266667E0	9.541101005E-1	-5.123832652E-1
3.470577778E0	9.507497399E-1	-4.976259663E-1
3.475000000E0	9.159692845E-1	-4.501220878E-1
3.479311111E0	9.017447375E-1	-4.144146452E-1
3.483622222E0	8.700157662E-1	-3.662891411E-1
3.487933333E0	8.430273309E-1	-3.235238009E-1
3.492244444E0	8.156540427E-1	-2.897760237E-1
3.496555556E0	8.285769097E-1	-2.651994044E-1
3.500866667E0	5.809360312E-1	3.463247150E-2
3.505177778E0	5.707988471E-1	5.342743996E-2
3.509488889E0	5.779321000E-1	1.057489705E-1
3.513800000E0	5.867460490E-1	1.416519160E-1
3.518111111E0	5.924704317E-1	1.702720179E-1
3.522422222E0	5.925019139E-1	1.849514014E-1
3.526733333E0	5.977046032E-1	2.032914687E-1
3.531044444E0	5.939942480E-1	2.285308438E-1
3.535355556E0	5.983695125E-1	2.508574955E-1
3.539666667E0	5.948004584E-1	2.679043955E-1
3.543977778E0	5.999371618E-1	2.919937192E-1
3.548288889E0	6.022900651E-1	3.053704154E-1
3.552600000E0	5.962239716E-1	3.263055706E-1
3.556911111E0	6.079267551E-1	3.446994035E-1
3.561222222E0	6.106522734E-1	3.559081936E-1
3.565533333E0	6.027986759E-1	3.689969275E-1
3.569955556E0	6.078890864E-1	3.865571479E-1
3.574266667E0	6.046544755E-1	4.024433941E-1
3.578577778E0	6.023953387E-1	4.145220661E-1
3.582888889E0	6.074224837E-1	4.259493197E-1
3.587200000E0	6.111241836E-1	4.401493554E-1
3.591511111E0	6.082381284E-1	4.526080839E-1
3.595822222E0	6.129967210E-1	4.682976250E-1
3.600133333E0	6.140269022E-1	4.849122909E-1
3.604444444E0	6.103316074E-1	4.980757762E-1
3.608755556E0	7.322518745E-1	4.152478506E-1
3.613066667E0	6.081264283E-1	5.215563481E-1
3.617377778E0	6.028505539E-1	5.460686938E-1
3.621688889E0	6.057801718E-1	5.563592870E-1
3.626000000E0	6.070870911E-1	5.727610291E-1
3.630311111E0	6.049832900E-1	5.817470162E-1
3.634622222E0	6.038855459E-1	5.947840560E-1
3.638933333E0	6.089279713E-1	6.077780285E-1
3.643244444E0	6.064220752E-1	6.188884164E-1
3.647555556E0	6.077370165E-1	6.352920563E-1
3.651866667E0	6.069708497E-1	6.493445222E-1
3.656288889E0	6.089556435E-1	6.564560641E-1
3.660600000E0	6.048983031E-1	6.649774229E-1
3.664911111E0	6.058537196E-1	6.696754821E-1
3.669222222E0	6.047394059E-1	6.753108451E-1
3.673533333E0	6.075975123E-1	6.770310142E-1
3.677844444E0	6.083859996E-1	6.842274269E-1
3.682155556E0	6.076048462E-1	6.883341838E-1
3.686466667E0	6.036190380E-1	6.932900101E-1
3.690777778E0	6.012326842E-1	6.945542707E-1
3.695088889E0	6.015409813E-1	6.896910317E-1
3.699400000E0	6.013354376E-1	6.907879292E-1
3.703711111E0	6.037191214E-1	6.886592053E-1
3.708022222E0	6.045656778E-1	6.775683376E-1
3.712333333E0	6.062888498E-1	6.768624712E-1
3.716644444E0	6.074425421E-1	6.663152893E-1
3.720955556E0	6.116390745E-1	6.617588549E-1
3.725266667E0	6.127930465E-1	6.503971461E-1
3.729577778E0	6.165616304E-1	6.418077204E-1
3.733888889E0	6.153552450E-1	6.327464255E-1
3.738200000E0	6.160515977E-1	6.244379041E-1
3.742622222E0	6.179514818E-1	6.153609471E-1
3.746933333E0	7.741824042E-1	4.567505268E-1
3.751244444E0	7.737408850E-1	4.514219580E-1
3.755555556E0	7.689946379E-1	4.434268410E-1
3.759866667E0	7.683482278E-1	4.398967342E-1
3.764177778E0	7.629471595E-1	4.260350813E-1
3.768488889E0	7.878985228E-1	4.224924507E-1
3.772800000E0	7.823625821E-1	4.145888326E-1
3.777111111E0	7.838677505E-1	4.135138269E-1
3.781422222E0	7.885425044E-1	4.093341410E-1
3.785733333E0	7.818858410E-1	4.067723131E-1
3.790044444E0	7.823999007E-1	4.043447275E-1
3.794355556E0	7.851809045E-1	4.017300879E-1
3.798666667E0	7.799358245E-1	3.984248167E-1
3.802977778E0	7.709932257E-1	3.920299356E-1
3.807288889E0	7.645248919E-1	3.855944433E-1
3.811600000E0	7.805765099E-1	3.726272880E-1
3.815911111E0	6.252962765E-1	4.070327448E-1
3.820222222E0	6.124635016E-1	4.001440332E-1
3.824533333E0	6.118908245E-1	3.854492557E-1
3.828955556E0	6.056263667E-1	3.652555359E-1
3.833266667E0	6.001582484E-1	3.548509949E-1
3.837577778E0	5.955635790E-1	3.419933584E-1
3.841888889E0	5.752409655E-1	3.213331925E-1
3.846200000E0	5.774828390E-1	3.210761314E-1
3.850511111E0	5.759201741E-1	2.954056790E-1
3.854822222E0	5.672270852E-1	2.849507373E-1
3.859133333E0	5.664666886E-1	2.782241889E-1
3.863444444E0	5.619391657E-1	2.658934398E-1
3.867755556E0	5.661230789E-1	2.496462606E-1
3.872066667E0	5.512545138E-1	2.362048460E-1
3.876377778E0	5.508366780E-1	2.218387864E-1
3.880688889E0	5.569182705E-1	2.019730565E-1
3.885000000E0	5.464806811E-1	1.870962565E-1
3.889311111E0	5.495890422E-1	1.746635139E-1
3.893622222E0	5.285737085E-1	1.348207945E-1
3.897933333E0	5.128444334E-1	1.082246406E-1
3.902244444E0	5.149177254E-1	9.259607234E-2
3.906555556E0	5.204193749E-1	7.030370404E-2
3.910866667E0	5.173453494E-1	5.005629665E-2
3.915288889E0	5.210108918E-1	2.180572163E-2
3.919600000E0	5.150281914E-1	5.440219147E-5
3.923911111E0	8.318605181E-1	-3.036432318E-1
3.928222222E0	8.599108111E-1	-3.327915867E-1
3.932533333E0	8.527153136E-1	-3.685159253E-1
3.936844444E0	9.263020171E-1	-5.251253756E-1
3.941155556E0	9.231862737E-1	-5.345758601E-1
3.945466667E0	9.007928373E-1	-5.390225657E-1
3.949777778E0	8.768753654E-1	-5.426766737E-1
3.954088889E0	8.185014863E-1	-5.431465041E-1
3.958400000E0	8.656047712E-1	-5.646928952E-1
3.962711111E0	8.119318900E-1	-5.833739933E-1
3.967022222E0	7.825221089E-1	-5.869092368E-1
3.971333333E0	7.745312638E-1	-5.970834225E-1
3.975644444E0	7.606247792E-1	-6.037309621E-1
3.979955556E0	7.765026432E-1	-6.141427425E-1
3.984266667E0	7.606732847E-1	-6.169846879E-1
3.988577778E0	7.806235992E-1	-6.154201335E-1
3.992888889E0	7.583421386E-1	-6.214411752E-1
3.997200000E0	7.530908143E-1	-6.239319442E-1
4.001622222E0	7.430314227E-1	-6.281540050E-1
4.005933333E0	7.481654471E-1	-6.338218456E-1
4.010244444E0	7.474868938E-1	-6.400319232E-1
4.014555556E0	7.309704182E-1	-6.420374054E-1
4.018866667E0	7.226949158E-1	-6.448712880E-1
4.023177778E0	6.979662614E-1	-6.468048841E-1
4.027488889E0	6.669590248E-1	-6.479563647E-1
4.031800000E0	6.606936115E-1	-6.403882162E-1
4.036111111E0	6.430134787E-1	-6.417389340E-1
4.040422222E0	6.211688538E-1	-6.299965726E-1
4.044733333E0	6.195495251E-1	-6.334466003E-1
4.049044444E0	6.093121680E-1	-6.338605247E-1
4.053355556E0	6.095724131E-1	-6.327000358E-1
4.057666667E0	6.006234825E-1	-6.342221163E-1
4.061977778E0	6.003008517E-1	-6.339883792E-1
4.066288889E0	5.957865254E-1	-6.383124625E-1
4.070600000E0	6.060252412E-1	-6.361054501E-1
4.074911111E0	5.965584344E-1	-6.344348180E-1
4.079333333E0	5.977609250E-1	-6.356284801E-1
4.083644444E0	5.936027078E-1	-6.346449912E-1
4.087955556E0	5.923609216E-1	-6.338319309E-1
4.092266667E0	5.863916743E-1	-6.353169926E-1
4.096577778E0	5.882960619E-1	-6.324847781E-1
4.100888889E0	5.906606747E-1	-6.327572348E-1
4.105200000E0	5.851145586E-1	-6.330120901E-1
4.109511111E0	5.939956958E-1	-6.314136496E-1
4.113822222E0	5.912756849E-1	-6.292694737E-1
4.118133333E0	5.959003904E-1	-6.291339617E-1
4.122444444E0	6.009958707E-1	-6.259345846E-1
4.126755556E0	6.041789873E-1	-6.203571460E-1
4.131066667E0	5.431535805E-1	-6.006507134E-1
4.135377778E0	5.411551643E-1	-5.955055796E-1
4.139688889E0	5.563131938E-1	-5.864406512E-1
4.144000000E0	5.787526957E-1	-5.936900510E-1
4.148311111E0	5.923557843E-1	-5.873850203E-1
4.152622222E0	5.902354071E-1	-5.787679481E-1
4.156933333E0	5.560975858E-1	-5.606578187E-1
4.161244444E0	5.604088755E-1	-5.565583852E-1
4.165666667E0	5.621286813E-1	-5.598219752E-1
4.169977778E0	5.623288230E-1	-5.470475549E-1
4.174288889E0	5.701942021E-1	-5.388749939E-1
4.178600000E0	5.631927793E-1	-5.272630097E-1
4.182911111E0	5.648250908E-1	-5.122745463E-1
4.187222222E0	5.855910985E-1	-5.097245453E-1
4.191533333E0	6.175609657E-1	-4.925519904E-1
4.195844444E0	6.414792372E-1	-4.728325923E-1
4.200155556E0	6.535909039E-1	-4.633853154E-1
4.204466667E0	6.661433187E-1	-4.223278056E-1
4.208777778E0	6.644995934E-1	-4.132039512E-1
4.213088889E0	6.927053699E-1	-4.078609649E-1
4.217400000E0	6.849711448E-1	-3.784224313E-1
4.221711111E0	6.937202833E-1	-3.638087233E-1
4.226022222E0	6.998561576E-1	-3.457300050E-1
4.230333333E0	6.695887045E-1	-3.323037981E-1
4.234644444E0	6.743299360E-1	-3.194606621E-1
4.238955556E0	6.827800527E-1	-3.033431459E-1
4.243266667E0	6.524899683E-1	-2.791154731E-1
4.247577778E0	6.612851620E-1	-2.635074505E-1
4.252000000E0	4.635015198E-1	2.335401564E-2
4.256311111E0	4.612333023E-1	3.560108636E-2
4.260622222E0	4.549297507E-1	4.970564288E-2
4.264933333E0	4.573055673E-1	6.749103886E-2
4.269244444E0	4.555534893E-1	9.298198992E-2
4.273555556E0	4.579886256E-1	1.135929141E-1
4.277866667E0	4.558738792E-1	1.354791949E-1
4.282177778E0	4.518212514E-1	1.497464737E-1
4.286488889E0	4.547676813E-1	1.683954240E-1
4.290800000E0	4.539616161E-1	1.830272579E-1
4.295111111E0	4.539904931E-1	1.937400906E-1
4.299422222E0	4.568993084E-1	2.091466567E-1
4.303733333E0	4.541274808E-1	2.221042081E-1
4.308044444E0	4.485936945E-1	2.347209292E-1
4.312355556E0	4.506321089E-1	2.485404069E-1
4.316666667E0	4.490586790E-1	2.593758511E-1
4.320977778E0	4.488261738E-1	2.672422683E-1
4.325288889E0	4.456489628E-1	2.753790371E-1
4.329600000E0	4.470646338E-1	2.828464237E-1
4.333911111E0	4.498396895E-1	2.933624809E-1
4.338222222E0	4.508558440E-1	3.044398906E-1
4.342533333E0	4.498169981E-1	3.107557670E-1
4.346955556E0	4.480111994E-1	3.206059647E-1
4.351266667E0	4.454590279E-1	3.277555178E-1
4.355577778E0	4.475592069E-1	3.366599991E-1
4.359888889E0	4.431112114E-1	3.390756963E-1
4.364200000E0	4.419557942E-1	3.447043599E-1
4.368511111E0	4.424916643E-1	3.455673000E-1
4.372822222E0	4.382521629E-1	3.477727707E-1
4.377133333E0	4.434142286E-1	3.563671333E-1
4.381444444E0	4.408414086E-1	3.527441316E-1
4.385755556E0	4.416230176E-1	3.605726866E-1
4.390066667E0	4.392227377E-1	3.612413365E-1
4.394377778E0	4.401347273E-1	3.686029250E-1
4.398688889E0	4.379498877E-1	3.707344402E-1
4.403000000E0	4.395690752E-1	3.737642180E-1
4.407311111E0	4.469954352E-1	3.844149922E-1
4.411622222E0	4.339848895E-1	3.772034138E-1
4.415933333E0	4.435719598E-1	3.864175307E-1
4.420244444E0	4.437560813E-1	3.873269176E-1
4.424555556E0	4.416782343E-1	3.854831857E-1
4.428866667E0	4.407436315E-1	3.857343154E-1
4.433288889E0	4.413062267E-1	3.840293408E-1
4.437600000E0	4.427449831E-1	3.902022391E-1
4.441911111E0	4.427449808E-1	3.902022160E-1
4.446222222E0	4.430939324E-1	3.898552906E-1
4.450533333E0	4.430654737E-1	3.901278220E-1
4.454844444E0	4.447781776E-1	3.891317832E-1
4.459155556E0	4.447082441E-1	3.896947536E-1
4.463466667E0	4.345920759E-1	3.776266993E-1
4.467777778E0	4.376585182E-1	3.760289233E-1
4.472088889E0	4.387546757E-1	3.761536868E-1
4.476400000E0	4.386580857E-1	3.716189750E-1
4.480711111E0	4.429988346E-1	3.737293215E-1
4.485022222E0	4.428649475E-1	3.681773029E-1
4.489333333E0	4.485333979E-1	3.669603918E-1
4.493644444E0	4.458112060E-1	3.629145367E-1
4.497955556E0	4.510378156E-1	3.605303432E-1
4.502266667E0	4.530654999E-1	3.584972124E-1
4.506577778E0	4.529230763E-1	3.524007131E-1
4.510888889E0	4.532934610E-1	3.526149175E-1
4.515200000E0	4.547723281E-1	3.469982695E-1
4.519622222E0	4.537875724E-1	3.422052964E-1
4.523933333E0	4.515734543E-1	3.372704225E-1
4.528244444E0	4.448113958E-1	3.307491518E-1
4.532555556E0	4.429701417E-1	3.236122804E-1
4.536866667E0	4.446510440E-1	3.175762013E-1
4.541177778E0	4.420139996E-1	3.083716340E-1
4.545488889E0	4.424367867E-1	2.989219376E-1
4.549800000E0	4.347857733E-1	2.863116098E-1
4.554111111E0	4.363323741E-1	2.798311342E-1
4.558422222E0	4.378559240E-1	2.739567134E-1
4.562733333E0	4.389606500E-1	2.695112751E-1
4.567044444E0	4.435659337E-1	2.669119925E-1
4.571355556E0	4.441649774E-1	2.611149377E-1
4.575666667E0	4.316912640E-1	2.371865036E-1
4.579977778E0	4.384128334E-1	2.281579494E-1
4.584288889E0	4.404113897E-1	2.207905024E-1
4.588600000E0	4.419202256E-1	2.051807982E-1
4.592911111E0	4.277419141E-1	1.994912633E-1
4.597222222E0	4.301289279E-1	1.900541026E-1
4.601533333E0	4.328239491E-1	1.841061791E-1
4.605955556E0	4.343208537E-1	1.730462703E-1
4.610266667E0	4.401426919E-1	1.639291284E-1
4.614577778E0	4.410065156E-1	1.551679661E-1
4.618888889E0	4.282774188E-1	1.393829403E-1
4.623200000E0	4.288549613E-1	1.293831920E-1
4.627511111E0	4.326137043E-1	1.111567187E-1
4.631822222E0	4.240020686E-1	9.696679631E-2
4.636133333E0	4.260707860E-1	8.738087822E-2
4.640444444E0	4.288899331E-1	7.292216049E-2
4.644755556E0	4.125222080E-1	5.893807072E-2
4.649066667E0	4.142783898E-1	4.923865506E-2
4.653377778E0	4.192268229E-1	4.004768784E-2
4.657688889E0	4.209539302E-1	3.009148723E-2
4.662000000E0	4.234868610E-1	2.615060458E-2
4.666311111E0	4.098639678E-1	1.087239505E-2
4.670622222E0	7.446687913E-1	-2.269111714E-1
4.674933333E0	7.630602544E-1	-2.301657699E-1
4.679244444E0	6.710865442E-1	-2.650897279E-1
4.683555556E0	6.558587534E-1	-2.754360313E-1
4.687866667E0	6.548642150E-1	-2.858673450E-1
4.692288889E0	6.502759619E-1	-2.918328214E-1
4.696600000E0	6.744295204E-1	-3.145577420E-1
4.700911111E0	6.783820620E-1	-3.160574325E-1
4.705222222E0	6.904207519E-1	-3.281040236E-1
4.709533333E0	6.542096665E-1	-3.315927823E-1
4.713844444E0	6.672944581E-1	-3.456106123E-1
4.718155556E0	6.734687527E-1	-3.531097026E-1
4.722466667E0	6.760227231E-1	-3.594051904E-1
4.726777778E0	6.676328179E-1	-3.644032773E-1
4.731088889E0	6.795121016E-1	-3.759920230E-1
4.735400000E0	6.604568940E-1	-3.771794426E-1
4.739711111E0	6.665261739E-1	-3.875931020E-1
4.744022222E0	6.657029862E-1	-3.977751336E-1
4.748333333E0	6.718322217E-1	-4.058283808E-1
4.752644444E0	6.699964578E-1	-4.153649580E-1
4.756955556E0	6.773318207E-1	-4.198486859E-1
4.761266667E0	6.736604937E-1	-4.194437867E-1
4.765577778E0	6.675327701E-1	-4.138673939E-1
4.769888889E0	6.744877068E-1	-4.138049836E-1
4.774200000E0	6.864544173E-1	-4.114756377E-1
4.778622222E0	6.845754194E-1	-4.133389062E-1
4.782933333E0	6.917271072E-1	-4.136662467E-1
4.787244444E0	7.007568655E-1	-4.133543140E-1
4.791555556E0	6.951375135E-1	-4.121664132E-1
4.795866667E0	7.008714487E-1	-4.114868315E-1
4.800177778E0	6.981849673E-1	-4.111505147E-1
4.804488889E0	7.041619503E-1	-4.111315121E-1
4.808800000E0	7.009311437E-1	-4.103632478E-1
4.813111111E0	6.966901385E-1	-4.098309852E-1
4.817422222E0	6.923628128E-1	-4.086129473E-1
4.821733333E0	6.943392765E-1	-4.079335794E-1
4.826044444E0	6.949084209E-1	-4.067517588E-1
4.830355556E0	6.937633968E-1	-4.061271118E-1
4.834666667E0	6.919316432E-1	-4.065392746E-1
4.838977778E0	6.943158147E-1	-4.062030199E-1
4.843288889E0	6.933443058E-1	-4.053268977E-1
4.847600000E0	6.929770131E-1	-4.050960250E-1
4.851911111E0	6.955672097E-1	-4.034213099E-1
4.856333333E0	6.930108329E-1	-4.025286698E-1
4.860644444E0	6.858168758E-1	-4.019677827E-1
4.864955556E0	6.920089404E-1	-4.003881013E-1
4.869266667E0	6.913764799E-1	-3.986219582E-1
4.873577778E0	6.884974388E-1	-3.952740693E-1
4.877888889E0	6.904462059E-1	-3.911462781E-1
4.882200000E0	6.887971563E-1	-3.900269318E-1
4.886511111E0	6.870767345E-1	-3.869581144E-1
4.890822222E0	6.925869612E-1	-3.827786790E-1
4.895133333E0	6.978829639E-1	-3.715102372E-1
4.899444444E0	6.942044776E-1	-3.645178777E-1
4.903755556E0	7.014055246E-1	-3.613534374E-1
4.908066667E0	7.083775995E-1	-3.561693501E-1
4.912377778E0	7.028703277E-1	-3.530923149E-1
4.916688889E0	7.079722233E-1	-3.498424110E-1
4.921000000E0	6.916248522E-1	-3.377921628E-1
4.925311111E0	6.930171076E-1	-3.295276501E-1
4.929622222E0	6.973838657E-1	-3.242751696E-1
4.933933333E0	7.047580502E-1	-3.206373075E-1
4.938244444E0	7.002205618E-1	-3.173557413E-1
4.942666667E0	7.048961089E-1	-3.166131232E-1
4.946977778E0	7.030089424E-1	-3.152905368E-1
4.951288889E0	7.064033783E-1	-3.114207980E-1
4.955600000E0	7.023758291E-1	-3.108661286E-1
4.959911111E0	7.019180590E-1	-3.100372095E-1
4.964222222E0	7.020559125E-1	-3.075036684E-1
4.968533333E0	7.149821662E-1	-3.096535021E-1
4.972844444E0	7.059193923E-1	-3.090785501E-1
4.977155556E0	7.100984281E-1	-3.062698452E-1
4.981466667E0	7.053751153E-1	-3.066418043E-1
4.985777778E0	7.027758019E-1	-3.084107871E-1
4.990088889E0	6.976482323E-1	-3.070541259E-1
4.994400000E0	7.091884607E-1	-3.067052003E-1
4.998711111E0	6.992983717E-1	-3.070441875E-1
5.003022222E0	6.988821087E-1	-3.052329613E-1
5.007333333E0	6.973828643E-1	-3.050041687E-1
5.011644444E0	6.953347269E-1	-3.056461758E-1
5.015955556E0	6.970525828E-1	-3.055094606E-1
5.020266667E0	6.946482602E-1	-3.044633308E-1
5.024577778E0	6.896411506E-1	-3.048450761E-1
5.029000000E0	6.866026468E-1	-3.043907406E-1
5.033311111E0	6.882220628E-1	-3.049527158E-1
5.037622222E0	6.839003405E-1	-3.062563814E-1
5.041933333E0	6.835952282E-1	-3.044791314E-1
5.046244444E0	6.852375168E-1	-3.021466776E-1
5.050555556E0	6.839760567E-1	-3.034044795E-1
5.054866667E0	6.763080714E-1	-3.045032253E-1
5.059177778E0	6.760399277E-1	-3.044648258E-1
5.063488889E0	6.797924212E-1	-3.056338336E-1
5.067800000E0	6.767897391E-1	-3.047790158E-1
5.072111111E0	6.742429434E-1	-3.056780139E-1
5.076422222E0	6.793763381E-1	-3.060293771E-1
5.080733333E0	6.849741109E-1	-3.056250523E-1
5.085044444E0	6.765023505E-1	-3.035010412E-1
5.089355556E0	6.796459152E-1	-3.049061499E-1
5.093666667E0	6.829071970E-1	-3.066353768E-1
5.097977778E0	6.793956678E-1	-3.066868316E-1
5.102288889E0	6.784039949E-1	-3.055180254E-1
5.106600000E0	6.816351714E-1	-3.064825260E-1
5.110911111E0	6.829024083E-1	-3.074704256E-1
5.115222222E0	6.826609374E-1	-3.067504422E-1
5.119533333E0	6.827142553E-1	-3.084298899E-1
5.123955556E0	6.725322518E-1	-3.096702530E-1
5.128266667E0	6.749476601E-1	-3.083812440E-1
5.132577778E0	6.765045921E-1	-3.089500046E-1
5.136888889E0	6.798978966E-1	-3.100579172E-1
5.141200000E0	6.819380757E-1	-3.104290898E-1
5.145511111E0	6.832826654E-1	-3.115080160E-1
5.149822222E0	6.775863038E-1	-3.113411918E-1
5.154133333E0	6.789599567E-1	-3.122166009E-1
