mass_A
t	x	y
4.742222222E-2	-1.037005946E-1	-1.203736118E1
5.173333333E-2	-9.892516804E-2	-1.203396198E1
5.604444444E-2	-9.512897360E-2	-1.202883114E1
6.476666667E-2	-9.761052408E-2	-1.196196498E1
6.907777778E-2	-9.035849634E-2	-1.194554610E1
7.338888889E-2	-1.077751159E-1	-1.189168998E1
7.770000000E-2	-5.153494207E-2	-1.177169878E1
8.201111111E-2	-2.045123540E-2	-1.158871227E1
8.632222222E-2	-4.067764983E-2	-1.134880720E1
9.063333333E-2	-4.727976118E-2	-1.112697712E1
9.494444444E-2	-2.530440802E-2	-1.089300457E1
1.036222222E-1	-2.149599066E-2	-1.032217363E1
1.079444444E-1	-4.720421577E-2	-1.001361950E1
1.122666667E-1	-5.403836756E-2	-9.712642201E0
1.165888889E-1	-7.025140202E-2	-9.380755936E0
1.209111111E-1	-7.611173123E-2	-9.062858183E0
1.252333333E-1	-9.534738073E-2	-8.745574029E0
1.295555556E-1	-1.276811788E-1	-8.410122728E0
1.338777778E-1	-1.308055878E-1	-8.094381344E0
1.424888889E-1	-1.699173521E-1	-7.441159616E0
1.468000000E-1	-1.820962487E-1	-7.119943979E0
1.511111111E-1	-2.526489288E-1	-6.813031051E0
1.554222222E-1	-2.632198522E-1	-6.438152691E0
1.597333333E-1	-2.509675523E-1	-6.104567407E0
1.640444444E-1	-2.685787448E-1	-5.760661201E0
1.683555556E-1	-2.762364975E-1	-5.416605196E0
1.726666667E-1	-2.612814822E-1	-5.087918179E0
1.813444444E-1	-2.629694503E-1	-4.420461438E0
1.856666667E-1	-2.423671798E-1	-4.101237941E0
1.899888889E-1	-2.450836584E-1	-3.787030356E0
1.943111111E-1	-2.326968580E-1	-3.458789507E0
1.986333333E-1	-2.326962916E-1	-3.151345450E0
2.029555556E-1	-2.363195694E-1	-2.837403013E0
2.072777778E-1	-2.381876578E-1	-2.531281917E0
2.116000000E-1	-2.440274472E-1	-2.224660127E0
2.245222222E-1	-2.337776030E-1	-1.370800636E0
2.288444444E-1	-2.353366883E-1	-1.098708935E0
2.331666667E-1	-2.455545384E-1	-8.614195018E-1
2.374888889E-1	-2.049795228E-1	-7.236333199E-1
2.418111111E-1	-2.065443583E-1	-5.267055904E-1
2.461333333E-1	-1.697665405E-1	-1.964602743E-1
2.504555556E-1	-1.467049238E-1	1.534206924E-1
2.547777778E-1	-1.357440722E-1	4.218493759E-1
2.591000000E-1	-1.313235868E-1	5.966886135E-1
2.634222222E-1	-1.259786910E-1	8.022694575E-1
2.677444444E-1	-1.267930671E-1	1.007651955E0
2.720666667E-1	-1.313131492E-1	1.237412727E0
2.763888889E-1	-1.256030684E-1	1.418230525E0
2.807111111E-1	-1.152667758E-1	1.648149201E0
2.850333333E-1	-1.160071976E-1	1.849353631E0
2.893555556E-1	-1.047586133E-1	2.034188289E0
3.022444444E-1	-6.372774225E-2	2.584770389E0
3.065555556E-1	-4.269897631E-2	2.772057540E0
3.108666667E-1	-4.448857250E-2	2.938724880E0
3.151777778E-1	-4.071733714E-2	3.098854910E0
3.194888889E-1	-1.362306837E-2	3.253645461E0
3.238000000E-1	1.187184003E-2	3.376834370E0
3.281111111E-1	4.234093147E-2	3.467026018E0
3.324222222E-1	7.737918600E-2	3.533672349E0
3.410888889E-1	1.272526214E-1	3.725584539E0
3.454111111E-1	1.194287287E-1	4.078152157E0
3.497333333E-1	1.547192542E-1	4.254604784E0
3.540555556E-1	9.188242518E-2	4.616435386E0
3.583777778E-1	6.859461928E-2	4.665618280E0
3.627000000E-1	6.630097512E-2	4.793554143E0
3.670222222E-1	3.246589397E-2	4.845174350E0
3.713444444E-1	1.739976255E-2	4.897738186E0
3.799555556E-1	-2.788273546E-2	5.065379062E0
3.842666667E-1	-5.307973362E-2	5.137392856E0
3.885777778E-1	-6.071630944E-2	5.206356821E0
3.928888889E-1	-9.393354827E-2	5.288396608E0
3.972000000E-1	-1.217962800E-1	5.373483393E0
4.015111111E-1	-1.377030171E-1	5.435802837E0
4.058222222E-1	-1.746054832E-1	5.499285147E0
4.101333333E-1	-1.928662803E-1	5.551859044E0
4.188111111E-1	-2.303025616E-1	5.652563322E0
4.231333333E-1	-2.458720355E-1	5.698151473E0
4.274555556E-1	-2.694203862E-1	5.732616787E0
4.317777778E-1	-2.778732656E-1	5.764234857E0
4.361000000E-1	-2.871436091E-1	5.791636603E0
4.404222222E-1	-2.923531422E-1	5.800629003E0
4.447444444E-1	-2.991222729E-1	5.804464191E0
4.490666667E-1	-3.059853898E-1	5.805689352E0
4.533888889E-1	-3.078430944E-1	5.805855182E0
4.577111111E-1	-3.022716911E-1	5.800291004E0
4.620333333E-1	-2.960166338E-1	5.773927968E0
4.663555556E-1	-2.887415881E-1	5.746368428E0
4.706777778E-1	-2.740536009E-1	5.724516741E0
4.750000000E-1	-2.625990398E-1	5.676740987E0
4.793222222E-1	-2.471034988E-1	5.636812754E0
4.836444444E-1	-2.248839068E-1	5.574361151E0
5.008444444E-1	-1.281912924E-1	5.324544053E0
5.051666667E-1	-6.915021161E-2	5.246670912E0
5.094888889E-1	-5.264996768E-2	5.181588136E0
5.138111111E-1	2.081347587E-2	5.095639423E0
5.181333333E-1	9.089763567E-2	5.025168945E0
5.224555556E-1	1.580854391E-1	4.969006327E0
5.267777778E-1	1.606090791E-1	4.893178272E0
5.311000000E-1	2.890063447E-1	4.873414265E0
5.354222222E-1	4.884767781E-2	4.748672140E0
5.397444444E-1	1.218237110E-2	4.843262739E0
5.440666667E-1	7.217149487E-2	4.795328601E0
5.483888889E-1	1.284711964E-2	4.654203889E0
5.527111111E-1	1.355715235E-2	4.360476360E0
5.570333333E-1	1.355715235E-2	4.184023733E0
5.613555556E-1	-2.173337310E-2	4.078152157E0
5.656777778E-1	8.413820326E-2	3.866409004E0
5.700000000E-1	4.884767781E-2	3.795827953E0
5.743222222E-1	-9.231442401E-2	3.584084800E0
5.786444444E-1	-1.636843459E-1	3.458652997E0
5.829666667E-1	-2.017241309E-1	3.412029885E0
5.872888889E-1	-2.332862916E-1	3.360839442E0
5.916111111E-1	-2.318204841E-1	3.290918464E0
5.959333333E-1	-2.384658338E-1	3.189835261E0
6.001555556E-1	-2.489468879E-1	3.074691590E0
6.087888889E-1	-2.606195641E-1	2.860419278E0
6.131111111E-1	-2.592389740E-1	2.732914343E0
6.174333333E-1	-2.669370036E-1	2.607663688E0
6.217555556E-1	-2.700353115E-1	2.485385470E0
6.260777778E-1	-2.635976917E-1	2.348490620E0
6.304000000E-1	-2.755563877E-1	2.199162960E0
6.347222222E-1	-2.763306235E-1	2.051214586E0
6.390444444E-1	-2.736432759E-1	1.898517153E0
6.476555556E-1	-2.781870039E-1	1.571736852E0
6.519666667E-1	-2.634672375E-1	1.384049374E0
6.562777778E-1	-2.719221979E-1	1.238077785E0
6.605888889E-1	-2.766044644E-1	1.030203332E0
6.649000000E-1	-2.655546301E-1	8.637553063E-1
6.692111111E-1	-2.443187308E-1	6.919338208E-1
6.735222222E-1	-2.385362877E-1	4.930964256E-1
6.778333333E-1	-2.397748151E-1	3.948486020E-1
6.865111111E-1	-2.079214020E-1	-1.075514824E-2
6.908333333E-1	-1.462138025E-1	-1.882150550E-1
6.951555556E-1	-5.702389856E-2	-4.390351013E-1
6.994777778E-1	-2.739511112E-1	-7.333836678E-1
7.038000000E-1	-2.895275096E-1	-8.487617149E-1
7.081222222E-1	-3.027697141E-1	-9.230029395E-1
7.124444444E-1	-3.016889736E-1	-1.090116134E0
7.167666667E-1	-3.075568619E-1	-1.229741678E0
7.296888889E-1	-3.545384156E-1	-1.706714423E0
7.340111111E-1	-3.582478318E-1	-1.848659632E0
7.383333333E-1	-3.762849232E-1	-1.993558518E0
7.426555556E-1	-3.926939313E-1	-2.148748937E0
7.469777778E-1	-3.932216573E-1	-2.275508883E0
7.513000000E-1	-4.004713922E-1	-2.402557110E0
7.556222222E-1	-4.063686510E-1	-2.529695131E0
7.599444444E-1	-4.056191080E-1	-2.636656136E0
7.815000000E-1	-4.398619399E-1	-3.082984606E0
7.858222222E-1	-4.402410582E-1	-3.159385134E0
7.901444444E-1	-4.343981627E-1	-3.220328643E0
7.944666667E-1	-4.396505655E-1	-3.288409253E0
7.987888889E-1	-4.389211177E-1	-3.365283167E0
8.031111111E-1	-4.400843132E-1	-3.433999151E0
8.074333333E-1	-4.433920454E-1	-3.531932578E0
8.117555556E-1	-4.340128622E-1	-3.637706579E0
8.203666667E-1	-4.346697765E-1	-3.715888402E0
8.246777778E-1	-4.329591525E-1	-3.738490924E0
8.289888889E-1	-4.308288925E-1	-3.774597000E0
8.333000000E-1	-4.314630514E-1	-3.806521555E0
8.376111111E-1	-4.364194952E-1	-3.828125096E0
8.419222222E-1	-4.312690784E-1	-3.843379406E0
8.462333333E-1	-4.292846248E-1	-3.858454129E0
8.505444444E-1	-4.245324873E-1	-3.875493175E0
8.548555556E-1	-4.200209749E-1	-3.884165076E0
8.591666667E-1	-4.134191969E-1	-3.880196381E0
8.634777778E-1	-4.129166984E-1	-3.867441945E0
8.677888889E-1	-4.099793866E-1	-3.860294393E0
8.721000000E-1	-4.034408002E-1	-3.806353077E0
8.764111111E-1	-4.003287351E-1	-3.765289940E0
8.807222222E-1	-3.959657143E-1	-3.735356565E0
8.850333333E-1	-3.910077610E-1	-3.689458047E0
8.893444444E-1	-3.913382244E-1	-3.645342439E0
8.936555556E-1	-4.044652101E-1	-3.590229993E0
8.980777778E-1	-3.976138190E-1	-3.547802972E0
9.023888889E-1	-4.007767714E-1	-3.487613884E0
9.067000000E-1	-4.232019096E-1	-3.427502233E0
9.110111111E-1	-4.381746059E-1	-3.374496289E0
9.153222222E-1	-4.093673326E-1	-3.298702463E0
9.196333333E-1	-4.067301093E-1	-3.194053690E0
9.239444444E-1	-3.597358753E-1	-3.063133586E0
9.282555556E-1	-3.943176493E-1	-2.988509473E0
9.325666667E-1	-4.138715657E-1	-2.905402380E0
9.368777778E-1	-4.166703545E-1	-2.822988192E0
9.411888889E-1	-4.486028934E-1	-2.760152521E0
9.455000000E-1	-4.595331172E-1	-2.682779993E0
9.498111111E-1	-4.729992298E-1	-2.598454720E0
9.541222222E-1	-5.069717256E-1	-2.518431411E0
9.584333333E-1	-5.042593439E-1	-2.428673978E0
9.627444444E-1	-5.034466309E-1	-2.330570188E0
9.670555556E-1	-5.101567956E-1	-2.229168315E0
9.713666667E-1	-4.452196785E-1	-1.991818221E0
9.756777778E-1	-4.452196785E-1	-1.780075069E0
9.801000000E-1	-2.687670513E-1	-1.744784543E0
9.844222222E-1	-3.040575767E-1	-1.674203492E0
9.887444444E-1	-3.393481022E-1	-1.462460339E0
9.930666667E-1	-3.746386276E-1	-1.427169814E0
9.973888889E-1	-4.805102040E-1	-1.215426661E0
1.001711111E0	-3.393481022E-1	-1.180136136E0
1.006033333E0	-2.334765258E-1	-9.331024577E-1
1.010355556E0	-3.548109245E-1	-8.885404301E-1
1.014677778E0	-3.478220985E-1	-7.650057190E-1
1.019000000E0	-3.289169736E-1	-7.165352438E-1
1.023322222E0	-3.039116677E-1	-5.449893594E-1
1.027644444E0	-2.598106700E-1	-3.509449694E-1
1.031966667E0	-2.509904704E-1	-3.509449694E-1
1.036288889E0	-2.245298718E-1	-2.627429740E-1
1.040611111E0	-2.068894727E-1	-1.921813776E-1
1.044933333E0	-2.333500714E-1	-9.515918257E-2
1.049255556E0	-2.245298718E-1	7.242460882E-2
1.053577778E0	-1.451480759E-1	1.694468038E-1
1.057900000E0	-1.363278763E-1	4.428729898E-1
1.062222222E0	-1.716086745E-1	3.811315930E-1
1.066544444E0	-1.892490736E-1	4.781537880E-1
1.070866667E0	2.442377582E-2	7.681392962E-2
1.075088889E0	-1.383723096E-1	9.209778534E-2
1.079311111E0	-7.118368835E-2	1.394030379E-1
1.083722222E0	-1.275076768E-1	6.986587766E-1
1.088133333E0	-9.222687860E-2	8.662425680E-1
1.092366667E0	-1.627884750E-1	8.927031667E-1
1.096600000E0	-2.799225857E-1	9.361126166E-1
1.101000000E0	-1.949920019E-2	1.068933600E0
1.105400000E0	1.847392175E-1	1.164284967E0
1.109633333E0	1.749387261E-1	1.237042250E0
1.113866667E0	1.718368072E-1	1.268642033E0
1.118266667E0	2.503490587E-1	1.325693596E0
1.122666667E0	1.803889563E-1	1.378183304E0
1.126900000E0	-1.695649628E-1	1.435346368E0
1.131133333E0	-5.094082719E-1	1.517113446E0
1.135544444E0	-5.268102756E-1	1.589959623E0
1.139855556E0	-4.334015829E-1	2.230914425E0
1.144166667E0	-4.487400228E-1	2.315785361E0
1.148477778E0	-4.563949722E-1	2.406376699E0
1.152788889E0	-4.695939619E-1	2.488047551E0
1.157100000E0	-4.694456645E-1	2.568144607E0
1.161411111E0	-4.815310111E-1	2.650682541E0
1.170077778E0	-5.037519269E-1	2.766958080E0
1.174400000E0	-5.134097340E-1	2.811912871E0
1.178722222E0	-5.046809404E-1	2.845962032E0
1.183044444E0	-5.079382808E-1	2.880298607E0
1.187366667E0	-5.069907207E-1	2.896071707E0
1.191688889E0	-4.937043119E-1	2.921338731E0
1.196011111E0	-4.908115999E-1	2.923309529E0
1.200333333E0	-4.933154667E-1	2.926698482E0
1.208944444E0	-4.956191416E-1	2.923474655E0
1.213255556E0	-4.841550636E-1	2.921021594E0
1.217566667E0	-4.755400133E-1	2.919213413E0
1.221877778E0	-2.807124951E-1	2.351834619E0
1.226188889E0	-9.959682195E-1	2.443934614E0
1.230500000E0	-1.018821266E0	2.447694074E0
1.234811111E0	-1.045148154E0	2.454233930E0
1.239122222E0	-1.053152047E0	2.451705905E0
1.247788889E0	-1.073143591E0	2.448834545E0
1.252111111E0	-1.067308720E0	2.415189170E0
1.260744444E0	-1.057308381E0	2.382605965E0
1.265066667E0	-1.051652198E0	2.365000786E0
1.269388889E0	-9.550104517E-1	2.344311656E0
1.273711111E0	-9.120993421E-1	2.312333837E0
1.278033333E0	-7.222758056E-1	2.268468332E0
1.282355556E0	-8.581052643E-1	2.232110652E0
1.286677778E0	-5.019092618E-1	2.221013980E0
1.291000000E0	-9.518284416E-2	2.193388317E0
1.295322222E0	-3.401311898E-1	2.127067949E0
1.299644444E0	-3.582381619E-1	2.075692752E0
1.303966667E0	-2.882512971E-1	2.048569374E0
1.308288889E0	-4.299979856E-1	2.002408133E0
1.312611111E0	-6.118643028E-1	1.966310940E0
1.316933333E0	-7.894086066E-1	1.951349654E0
1.321255556E0	-7.883886386E-1	1.915219058E0
1.325577778E0	-7.958850066E-1	1.876962848E0
1.329900000E0	-9.878588309E-1	1.869382231E0
1.334222222E0	-1.158433070E0	1.861771820E0
1.338544444E0	-1.084264429E0	1.786169347E0
1.342866667E0	-1.236560541E0	1.780355197E0
1.347188889E0	-1.295060173E0	1.735546646E0
1.351511111E0	-1.298939171E0	1.690824065E0
1.355733333E0	-1.307679951E0	1.634849348E0
1.359955556E0	-5.575936066E-1	2.055611504E0
1.364366667E0	-1.226580569E0	1.470680473E0
1.368777778E0	-1.288671303E0	1.422835735E0
1.373011111E0	-5.910059505E-1	1.874067843E0
1.377244444E0	-5.908059730E-1	1.814782582E0
1.381644444E0	-5.784776569E-1	1.753549153E0
1.386044444E0	-1.297763612E0	1.157583194E0
1.390277778E0	-1.299520384E0	1.076720924E0
1.394511111E0	-9.414385329E-1	9.044796523E-1
1.398911111E0	-1.159231467E0	8.957009653E-1
1.403311111E0	-4.500613246E-1	1.330844396E0
1.407544444E0	-5.303455701E-1	1.245259507E0
1.411777778E0	-3.819176788E-1	5.696632238E-1
1.416188889E0	-3.568301401E-1	4.875131882E-1
1.420500000E0	-4.919697502E-1	3.275163928E-1
1.429133333E0	-4.087883642E-1	8.850220054E-1
1.433455556E0	-4.383830736E-1	8.205488155E-1
1.437777778E0	-4.753153412E-1	7.221313040E-1
1.442100000E0	-3.719433051E-1	3.024602650E-1
1.446422222E0	-3.071606310E-1	2.131616029E-1
1.450744444E0	-2.278129951E-1	1.263251224E-1
1.455066667E0	-2.226577386E-1	3.893110594E-2
1.459388889E0	-3.009122464E-1	-7.946277058E-2
1.463711111E0	-4.023946671E-1	-9.308017310E-2
1.468033333E0	-5.886408512E-1	-9.724887442E-1
1.472355556E0	-4.774177171E-1	-1.035028984E0
1.476677778E0	-5.441979340E-1	-1.128022231E0
1.481000000E0	-5.477449545E-1	-1.206434190E0
1.485322222E0	-5.692232840E-1	-1.284473324E0
1.489644444E0	-4.933811251E-1	-1.356193555E0
1.493966667E0	-6.075889338E-1	-1.432042744E0
1.506855556E0	-6.322197544E-1	-1.622925513E0
1.511177778E0	-7.059972792E-1	-1.696520337E0
1.515500000E0	-6.874086034E-1	-1.744559070E0
1.519822222E0	-6.730420137E-1	-1.799321045E0
1.524144444E0	-7.322723617E-1	-1.858150178E0
1.528466667E0	-7.142553797E-1	-1.909446476E0
1.532788889E0	-6.896343724E-1	-1.971100468E0
1.537111111E0	-6.903458646E-1	-2.018459033E0
1.550033333E0	-7.222278876E-1	-2.196323030E0
1.554355556E0	-3.719372945E-1	-1.687729297E0
1.558677778E0	-3.716409485E-1	-1.730227887E0
1.563000000E0	-3.794718019E-1	-1.783500931E0
1.567322222E0	-7.168452619E-1	-2.412198773E0
1.571644444E0	-7.070328126E-1	-2.449117476E0
1.575966667E0	-6.923275359E-1	-2.503539212E0
1.580288889E0	-6.581396496E-1	-2.536473167E0
1.584611111E0	-6.573915840E-1	-2.582195668E0
1.588933333E0	-6.475507977E-1	-2.613301791E0
1.593255556E0	-5.641589156E-1	-2.635541655E0
1.597577778E0	-5.949420118E-1	-2.683767208E0
1.601900000E0	-6.260156934E-1	-2.714022643E0
1.606222222E0	-6.655646762E-1	-2.757382328E0
1.610544444E0	-5.420570555E-1	-2.194366675E0
1.614866667E0	-3.818545392E-1	-2.195671880E0
1.623433333E0	-6.837333086E-1	-2.234817025E0
1.627755556E0	-6.762738361E-1	-2.244267952E0
1.632077778E0	-6.384129922E-1	-2.246756361E0
1.636400000E0	-6.519892828E-1	-2.246810656E0
1.640722222E0	-7.139521448E-1	-2.249483169E0
1.645044444E0	-7.473534558E-1	-2.243316993E0
1.649366667E0	-7.764917467E-1	-2.231906349E0
1.653688889E0	-7.055232071E-1	-2.208271432E0
1.658011111E0	-5.401302196E-1	-2.195727794E0
1.662333333E0	-6.921135955E-1	-2.193125434E0
1.666655556E0	-7.209142503E-1	-2.181240699E0
1.670977778E0	-4.753579705E-1	-2.145914378E0
1.675300000E0	-6.353412439E-1	-2.109125351E0
1.679622222E0	-4.706081903E-1	-2.104805300E0
1.683944444E0	-7.754712956E-1	-2.062887883E0
1.688266667E0	-8.021572317E-1	-2.019183604E0
1.692588889E0	-4.649164380E-1	-2.016921918E0
1.696911111E0	-3.920011965E-1	-1.998236026E0
1.701233333E0	-7.698247537E-1	-1.927905392E0
1.705555556E0	-4.200004012E-1	-1.925269327E0
1.709877778E0	-7.801962622E-1	-1.841634592E0
1.714200000E0	-4.230464560E-1	-1.836718965E0
1.718522222E0	-7.744778556E-1	-1.749637739E0
1.722744444E0	-4.093229242E-1	-1.743644252E0
1.744333333E0	-8.131483083E-1	-1.401541495E0
1.748655556E0	-4.034779803E-1	-1.393099599E0
1.752977778E0	-3.777173352E-1	-1.312961247E0
1.757300000E0	-3.793857494E-1	-1.262907766E0
1.761622222E0	-4.174505087E-1	-1.212838477E0
1.765944444E0	-7.260199679E-1	-1.128143128E0
1.770266667E0	-7.455413297E-1	-1.048852817E0
1.774588889E0	-4.657542634E-1	-9.995353205E-1
1.796144444E0	-7.443831262E-1	-6.767997192E-1
1.804788889E0	-7.773969618E-1	-5.493914955E-1
1.809100000E0	-8.086392275E-1	-5.016530584E-1
1.813411111E0	-1.713108628E-1	-3.936223024E-1
1.817722222E0	-5.332368559E-1	-2.892035726E-1
1.822033333E0	-5.861580532E-1	-2.715631735E-1
1.826344444E0	-5.861580532E-1	-1.569005794E-1
1.830655556E0	-5.861580532E-1	-8.633898302E-2
1.834966667E0	-5.773378537E-1	-3.341778574E-2
1.839277778E0	-5.861580532E-1	5.478420973E-2
1.843588889E0	-5.773378537E-1	1.341660056E-1
1.847900000E0	-5.773378537E-1	1.341660056E-1
1.852211111E0	-5.949782528E-1	3.899517925E-1
1.856522222E0	-5.887281050E-1	4.062276958E-1
1.860833333E0	-5.604281847E-1	4.689158825E-1
1.865144444E0	-5.957387255E-1	6.026235994E-1
1.869455556E0	-6.292477622E-1	6.509897637E-1
1.873766667E0	-4.387339974E-1	6.995557308E-1
1.878077778E0	-5.395856045E-1	8.206230606E-1
1.882388889E0	-5.171220682E-1	8.683603153E-1
1.886700000E0	-6.011157312E-1	9.327732338E-1
1.891122222E0	-5.628833726E-1	9.909732514E-1
1.895433333E0	-5.609969675E-1	1.018432560E0
1.899744444E0	-5.973319474E-1	1.056356703E0
1.904055556E0	-6.426185770E-1	1.101498181E0
1.908366667E0	-6.338308961E-1	1.113650044E0
1.912677778E0	-6.066387654E-1	1.152382808E0
1.916988889E0	-5.645544542E-1	1.197440284E0
1.921300000E0	-6.132921532E-1	8.412742391E-1
1.925611111E0	-5.108661124E-1	8.821373395E-1
1.929922222E0	-5.788547118E-1	1.283719339E0
1.934233333E0	-5.170906595E-1	1.313208106E0
1.938544444E0	-5.403187120E-1	1.366929194E0
1.942855556E0	-5.050216502E-1	1.377102861E0
1.947166667E0	-5.292662179E-1	1.414140063E0
1.951477778E0	-5.800377910E-1	1.454181300E0
1.955788889E0	-5.528215576E-1	1.461432568E0
1.960100000E0	-6.025009735E-1	1.496149973E0
1.964522222E0	-5.567168786E-1	1.517597825E0
1.968833333E0	-5.757558765E-1	1.536363076E0
1.977477778E0	-7.140005039E-1	1.060277017E0
1.981788889E0	-6.074936827E-1	1.104179540E0
1.986100000E0	-6.312045503E-1	1.109171591E0
1.990411111E0	-6.429107403E-1	1.626927126E0
1.994722222E0	-6.512096767E-1	1.645359231E0
1.999033333E0	-6.577635055E-1	1.668077029E0
2.003344444E0	-6.659317814E-1	1.674796277E0
2.007655556E0	-6.875965287E-1	1.695390775E0
2.016333333E0	-6.803611523E-1	1.714366551E0
2.020655556E0	-6.856374753E-1	1.720052923E0
2.024977778E0	-6.977982968E-1	1.718945103E0
2.029300000E0	-7.057978500E-1	1.714336861E0
2.033622222E0	-7.274707550E-1	1.714255581E0
2.037944444E0	-7.364214693E-1	1.711625644E0
2.042266667E0	-8.466734976E-1	1.673998830E0
2.046588889E0	-8.461160534E-1	1.671306961E0
2.050911111E0	-8.541638432E-1	1.669140906E0
2.055233333E0	-5.196272979E-1	1.629833451E0
2.059555556E0	-5.307369284E-1	1.634779491E0
2.063877778E0	-5.638827307E-1	1.622035237E0
2.068200000E0	-5.942778317E-1	1.623092813E0
2.072522222E0	-6.441144133E-1	1.634258326E0
2.076844444E0	-7.149467376E-1	1.632202183E0
2.081166667E0	-7.059248267E-1	1.618581316E0
2.085488889E0	-7.192387451E-1	1.582496426E0
2.089811111E0	-1.342406992E0	1.009399998E0
2.094133333E0	-7.151977689E-1	1.506093433E0
2.098455556E0	-7.056479356E-1	1.482892198E0
2.102777778E0	-1.351811952E0	9.194982718E-1
2.107100000E0	-7.184610464E-1	1.342533344E0
2.111322222E0	-7.238280380E-1	1.338113636E0
2.115544444E0	-7.354344465E-1	1.299513197E0
2.119955556E0	-7.643285542E-1	1.258295540E0
2.124366667E0	-7.528167153E-1	1.248238216E0
2.128600000E0	-7.533695933E-1	1.217816783E0
2.132833333E0	-7.601595043E-1	1.182038890E0
2.137233333E0	-7.720665982E-1	1.157661443E0
2.141633333E0	-7.724461914E-1	1.117973247E0
2.145866667E0	-7.594265486E-1	1.070151797E0
2.150100000E0	-7.954311478E-1	1.025305640E0
2.158822222E0	-7.333583044E-1	9.387175219E-1
2.163133333E0	-7.591338396E-1	9.003049868E-1
2.167444444E0	-9.252734402E-1	8.525940491E-1
2.171755556E0	-8.954534548E-1	8.078953560E-1
2.176066667E0	-8.302498940E-1	7.638330178E-1
2.180377778E0	-8.043551396E-1	7.197006331E-1
2.184688889E0	-8.241732355E-1	6.726481953E-1
2.189000000E0	-9.094636671E-1	6.359017518E-1
2.193311111E0	-7.714015743E-1	5.787466539E-1
2.197622222E0	-8.209872151E-1	5.010084791E-1
2.201933333E0	-6.138279781E-1	4.589773993E-1
2.206244444E0	-9.250498692E-1	4.597798175E-1
2.210555556E0	-6.982903953E-1	3.716799022E-1
2.214866667E0	-5.733589224E-1	2.757770863E-1
2.219177778E0	-5.872352372E-1	2.171525170E-1
2.223488889E0	-5.566152725E-1	1.815471831E-1
2.227800000E0	-5.552229763E-1	1.013389265E-1
2.232111111E0	-5.621684471E-1	9.879708626E-2
2.236533333E0	-8.237590132E-1	9.061192643E-2
2.240844444E0	-8.760621876E-1	8.556864083E-2
2.245155556E0	-8.166776047E-1	6.075318092E-2
2.249466667E0	-1.329663229E0	-7.012715813E-1
2.253777778E0	-1.276133363E0	-7.561383136E-1
2.258088889E0	-1.300400467E0	-7.985339829E-1
2.266755556E0	-1.262170430E0	-9.081748633E-1
2.271066667E0	-1.285188055E0	-9.743510888E-1
2.275377778E0	-1.326600760E0	-1.021835660E0
2.279688889E0	-1.314443857E0	-1.065670245E0
2.284000000E0	-1.307390141E0	-1.124013674E0
2.288311111E0	-1.267976336E0	-1.156973084E0
2.292622222E0	-1.258333478E0	-1.214289127E0
2.296933333E0	-9.218604637E-1	-6.157779223E-1
2.305611111E0	-9.144671543E-1	-6.950516328E-1
2.309933333E0	-8.988988567E-1	-7.063174786E-1
2.314255556E0	-9.344781416E-1	-7.534912782E-1
2.318577778E0	-9.653551457E-1	-7.901861378E-1
2.322900000E0	-9.893611530E-1	-8.107463954E-1
2.327222222E0	-8.217069225E-1	-8.677378709E-1
2.331544444E0	-9.772836530E-1	-8.815066941E-1
2.335866667E0	-9.596850749E-1	-9.320332983E-1
2.344477778E0	-8.823963828E-1	-1.003083985E0
2.348788889E0	-8.136596986E-1	-1.051480138E0
2.353100000E0	-9.948241406E-1	-1.054728537E0
2.357411111E0	-8.399737305E-1	-1.099132189E0
2.361722222E0	-8.011495147E-1	-1.139264146E0
2.366033333E0	-8.423819175E-1	-1.144961642E0
2.370344444E0	-9.384704629E-1	-1.152060833E0
2.374655556E0	-7.678836652E-1	-1.183733767E0
2.378966667E0	-7.848517307E-1	-1.215167737E0
2.383277778E0	-7.874180867E-1	-1.231843747E0
2.387588889E0	-8.278211923E-1	-1.233704040E0
2.391900000E0	-8.319425308E-1	-1.239516790E0
2.396211111E0	-9.881033782E-1	-1.245289744E0
2.400522222E0	-1.037701285E0	-1.248196604E0
2.404833333E0	-8.444586232E-1	-1.277977646E0
2.409144444E0	-8.214266347E-1	-1.285385737E0
2.422177778E0	-9.815620520E-1	-1.286384348E0
2.426500000E0	-8.568988617E-1	-1.287551680E0
2.430822222E0	-9.522689414E-1	-1.282435038E0
2.435144444E0	-9.587794015E-1	-1.270320162E0
2.439466667E0	-1.000172586E0	-1.246177057E0
2.443788889E0	-9.442735043E-1	-1.239164881E0
2.448111111E0	-9.627227177E-1	-1.235831694E0
2.452433333E0	-9.457923783E-1	-1.232638360E0
2.461044444E0	-8.641478269E-1	-1.187548778E0
2.465355556E0	-9.383884812E-1	-1.154196582E0
2.469666667E0	-9.453000835E-1	-1.145114569E0
2.473977778E0	-8.705654128E-1	-1.135238687E0
2.478288889E0	-9.253553726E-1	-1.098023643E0
2.482600000E0	-1.008834873E0	-1.064141333E0
2.486911111E0	-9.475870271E-1	-1.056385105E0
2.491222222E0	-8.963901655E-1	-1.045278128E0
2.495533333E0	-8.818340045E-1	-1.006836071E0
2.499844444E0	-9.969272508E-1	-9.721840872E-1
2.504155556E0	-9.370915282E-1	-9.646053587E-1
2.508466667E0	-9.800857466E-1	-9.239900715E-1
2.512777778E0	-9.470938802E-1	-8.887089153E-1
2.517088889E0	-9.601956742E-1	-8.769813044E-1
2.521400000E0	-9.572651515E-1	-8.466706395E-1
2.525711111E0	-9.226818880E-1	-7.973369272E-1
2.543077778E0	-8.004104619E-1	-6.957862766E-1
2.547400000E0	-1.010017748E0	-6.208486408E-1
2.551722222E0	-9.236026418E-1	-6.128921821E-1
2.556044444E0	-1.236522446E0	-1.221919356E0
2.560366667E0	-1.237386132E0	-1.175471018E0
2.564688889E0	-1.232763915E0	-1.132795604E0
2.569011111E0	-1.237919211E0	-1.086286245E0
2.573333333E0	-1.213721034E0	-1.046936300E0
2.581944444E0	-1.230126779E0	-9.584918698E-1
2.586255556E0	-1.212473896E0	-9.166689463E-1
2.590566667E0	-1.222523290E0	-8.782333877E-1
2.594877778E0	-1.207395634E0	-8.370576718E-1
2.599188889E0	-1.192688845E0	-7.914694485E-1
2.603500000E0	-1.211562267E0	-7.612946517E-1
2.607811111E0	-1.230495663E0	-7.141629213E-1
2.612122222E0	-1.227001158E0	-6.947092510E-1
2.620788889E0	-7.890226428E-1	1.429862052E-1
2.625111111E0	-7.909367401E-1	1.455966564E-1
2.629433333E0	-7.912588404E-1	1.484331248E-1
2.633755556E0	-8.049254645E-1	1.583694265E-1
2.638077778E0	-7.987423454E-1	1.725092985E-1
2.642400000E0	-8.130347228E-1	1.938058155E-1
2.646722222E0	-8.340855995E-1	2.141523256E-1
2.651044444E0	-8.298332210E-1	2.349319316E-1
2.655366667E0	-8.274973724E-1	2.420245716E-1
2.659688889E0	-1.039387236E0	3.048257294E-1
2.664011111E0	-8.419438401E-1	6.545577789E-1
2.668333333E0	-8.414694051E-1	6.849320839E-1
2.672655556E0	-8.505182561E-1	7.271890685E-1
2.676977778E0	-8.397656740E-1	7.765597782E-1
2.681300000E0	-8.398009346E-1	8.047330544E-1
2.685622222E0	-8.314307878E-1	8.314369789E-1
2.689944444E0	-8.400450224E-1	8.593830333E-1
2.694266667E0	-8.542739963E-1	8.971454364E-1
2.698588889E0	-8.714209428E-1	9.206632548E-1
2.702911111E0	-8.621083306E-1	9.517685564E-1
2.707233333E0	-8.893720544E-1	9.664209460E-1
2.711555556E0	-8.629929201E-1	9.973256483E-1
2.715777778E0	-8.877790850E-1	1.010580526E0
2.720000000E0	-9.150565549E-1	1.016413715E0
2.728733333E0	-9.240791181E-1	1.055862274E0
2.733055556E0	-9.341859005E-1	1.064930689E0
2.737377778E0	-9.148570195E-1	1.090367354E0
2.741700000E0	-9.199457128E-1	1.100698955E0
2.746022222E0	-8.708236834E-1	1.130331034E0
2.750344444E0	-8.936099081E-1	1.149768862E0
2.754666667E0	-9.155563937E-1	1.144356199E0
2.758988889E0	-8.568155580E-1	1.181829825E0
2.767588889E0	-8.791919548E-1	1.204926725E0
2.771911111E0	-8.480809384E-1	1.222403493E0
2.780544444E0	-8.489899088E-1	1.240259859E0
2.784866667E0	-8.477945418E-1	1.240059428E0
2.789188889E0	-8.520764404E-1	1.252967947E0
2.793511111E0	-8.445215069E-1	1.256880104E0
2.797833333E0	-8.453632762E-1	1.257588340E0
2.802155556E0	-8.427420858E-1	1.261867789E0
2.815088889E0	-8.459924031E-1	1.261123840E0
2.819411111E0	-8.615344230E-1	1.261010388E0
2.823733333E0	-8.483380890E-1	1.250272933E0
2.828055556E0	-8.598176938E-1	1.245545308E0
2.832377778E0	-8.753633133E-1	1.238561781E0
2.836700000E0	-8.665803753E-1	1.225860140E0
2.841022222E0	-8.633653725E-1	1.224884081E0
2.845344444E0	-8.917111349E-1	1.198634042E0
2.849666667E0	-8.823719901E-1	1.190967411E0
2.853988889E0	-8.859078206E-1	1.177465289E0
2.858311111E0	-9.150433720E-1	1.150852057E0
2.862633333E0	-9.105724875E-1	1.137947102E0
2.866955556E0	-9.634978379E-1	1.106686318E0
2.871277778E0	-9.374435450E-1	1.109011545E0
2.875600000E0	-9.173489682E-1	1.092422763E0
2.879922222E0	-9.535312427E-1	1.059905619E0
2.884244444E0	-9.227764996E-1	1.052017492E0
2.888566667E0	-9.338803599E-1	1.028815841E0
2.892888889E0	-9.199805987E-1	1.013653938E0
2.897211111E0	-8.978743384E-1	1.000245849E0
2.901533333E0	-9.137441738E-1	9.731788064E-1
2.905855556E0	-8.925774786E-1	9.523907898E-1
2.910077778E0	-9.015470399E-1	9.300689311E-1
2.914300000E0	-8.793371908E-1	9.081623315E-1
2.918711111E0	-8.861065146E-1	8.810778162E-1
2.923122222E0	-8.448417688E-1	8.514211170E-1
2.927355556E0	-8.615277826E-1	8.214198732E-1
2.931588889E0	-8.706044335E-1	8.048117470E-1
2.935988889E0	-8.790334066E-1	7.842268711E-1
2.940388889E0	-8.783439937E-1	7.560916568E-1
2.944622222E0	-8.488725252E-1	7.139506848E-1
2.948855556E0	-8.517784907E-1	6.962228060E-1
2.961888889E0	-8.425504001E-1	6.367942348E-1
2.966211111E0	-8.602691257E-1	6.177606933E-1
2.970533333E0	-8.518621195E-1	5.953880635E-1
2.974855556E0	-8.786955077E-1	5.621842830E-1
2.979177778E0	-9.155096869E-1	5.280899448E-1
2.983500000E0	-8.819188378E-1	5.030169128E-1
2.987822222E0	-1.004373760E0	4.296625326E-1
2.992144444E0	-8.942660364E-1	4.398595671E-1
3.000755556E0	-1.183959494E0	3.023464894E-1
3.005066667E0	-1.018347831E0	7.242460882E-2
3.009377778E0	-1.000707432E0	1.950341154E-2
3.013688889E0	-1.124190226E0	-3.341778574E-2
3.018000000E0	-1.106549826E0	-1.392601803E-1
3.022311111E0	-1.053628629E0	-1.569005794E-1
3.026622222E0	-1.018347831E0	-1.216197812E-1
3.030933333E0	-1.053628629E0	-1.921813776E-1
3.048244444E0	-1.053628629E0	-2.451025749E-1
3.052566667E0	-1.035988230E0	-4.215065658E-1
3.056888889E0	-1.141830625E0	-5.979105567E-1
3.061211111E0	-1.106549826E0	-5.273489604E-1
3.065533333E0	-1.088909427E0	-5.979105567E-1
3.069855556E0	-1.088909427E0	-7.037529513E-1
3.074177778E0	-1.000707432E0	-6.508317540E-1
3.078500000E0	-1.000707432E0	-8.095953458E-1
3.095744444E0	-1.071269028E0	-7.213933504E-1
3.100066667E0	-1.071269028E0	-8.095953458E-1
3.104388889E0	-1.035988230E0	-8.448761440E-1
3.108711111E0	-1.000707432E0	-8.095953458E-1
3.113033333E0	-1.000707432E0	-8.625165431E-1
3.117355556E0	-1.053628629E0	-8.801569422E-1
3.121677778E0	-1.071269028E0	-9.154377404E-1
3.126000000E0	-1.053628629E0	-8.448761440E-1
3.130322222E0	-1.071269028E0	-8.272357449E-1
3.134644444E0	-1.071269028E0	-8.095953458E-1
3.138966667E0	-1.071269028E0	-8.095953458E-1
3.143288889E0	-1.035988230E0	-8.977973413E-1
3.147611111E0	-9.830670328E-1	-8.801569422E-1
3.151933333E0	-9.654266337E-1	-8.801569422E-1
3.156255556E0	-9.654266337E-1	-8.977973413E-1
3.160577778E0	-9.477862346E-1	-9.683589377E-1
3.173466667E0	-8.948650374E-1	-9.683589377E-1
3.177777778E0	-8.419438401E-1	-1.038920534E0
3.186400000E0	-8.772246383E-1	-1.056560933E0
3.190711111E0	-1.088909427E0	-1.021280135E0
3.195022222E0	-1.071269028E0	-1.021280135E0
3.199333333E0	-9.477862346E-1	-1.038920534E0
3.203644444E0	-9.477862346E-1	-1.038920534E0
3.207955556E0	-9.477862346E-1	-1.038920534E0
3.212266667E0	-9.477862346E-1	-1.038920534E0
3.216577778E0	-9.477862346E-1	-1.038920534E0
3.220888889E0	-9.477862346E-1	-1.038920534E0
3.225200000E0	-9.477862346E-1	-1.038920534E0
3.229511111E0	-9.477862346E-1	-9.859993368E-1
3.233822222E0	-9.477862346E-1	-9.859993368E-1
3.238133333E0	-9.477862346E-1	-9.859993368E-1
3.242444444E0	-9.477862346E-1	-9.683589377E-1
3.246755556E0	-9.477862346E-1	-9.507185386E-1
3.251177778E0	-9.477862346E-1	-8.801569422E-1
3.255488889E0	-9.477862346E-1	-8.801569422E-1
3.259800000E0	-9.477862346E-1	-8.625165431E-1
3.264111111E0	-9.477862346E-1	-8.625165431E-1
3.268422222E0	-9.477862346E-1	-8.095953458E-1
3.272733333E0	-9.477862346E-1	-8.095953458E-1
3.277044444E0	-9.477862346E-1	-7.919549468E-1
3.281355556E0	-9.654266337E-1	-7.566741486E-1
3.285666667E0	-9.830670328E-1	-7.390337495E-1
3.289977778E0	-9.830670328E-1	-7.037529513E-1
3.294288889E0	-9.830670328E-1	-7.037529513E-1
3.298600000E0	-9.654266337E-1	-6.861125522E-1
3.302911111E0	-9.654266337E-1	-6.861125522E-1
3.307222222E0	-9.654266337E-1	-6.861125522E-1
3.311533333E0	-9.654266337E-1	-5.979105567E-1
3.315844444E0	-9.654266337E-1	-5.979105567E-1
3.320155556E0	-9.654266337E-1	-5.979105567E-1
3.324577778E0	-9.654266337E-1	-5.802701576E-1
3.328888889E0	-9.654266337E-1	-5.626297585E-1
3.333200000E0	-9.654266337E-1	-5.449893594E-1
3.337511111E0	-9.654266337E-1	-4.744277631E-1
3.341822222E0	-9.654266337E-1	-4.744277631E-1
3.346133333E0	-9.654266337E-1	-4.744277631E-1
3.350444444E0	-9.654266337E-1	-4.744277631E-1
3.354755556E0	-9.477862346E-1	-3.685853685E-1
3.359066667E0	-9.301458355E-1	-3.509449694E-1
3.363377778E0	-9.301458355E-1	-3.333045703E-1
3.367688889E0	-9.125054364E-1	-2.980237721E-1
3.372000000E0	-8.772246383E-1	-2.274621758E-1
3.376311111E0	-8.772246383E-1	-2.098217767E-1
3.380622222E0	-8.772246383E-1	-1.745409785E-1
3.384933333E0	-8.772246383E-1	-1.039793821E-1
3.393555556E0	-8.772246383E-1	-8.633898302E-2
3.397866667E0	-9.125054364E-1	-1.569005794E-1
3.402288889E0	-8.948650374E-1	-1.039793821E-1
3.406600000E0	-8.772246383E-1	-3.341778574E-2
3.410911111E0	-8.772246383E-1	1.863012445E-3
3.415222222E0	-8.243034410E-1	9.006500791E-2
3.419533333E0	-8.066630419E-1	1.429862052E-1
3.423844444E0	-7.890226428E-1	1.782670034E-1
3.428155556E0	-7.713822437E-1	2.488285998E-1
3.432466667E0	-7.713822437E-1	2.841093979E-1
3.436777778E0	-7.713822437E-1	3.017497970E-1
3.441088889E0	-7.713822437E-1	3.193901961E-1
3.445400000E0	-7.713822437E-1	2.135478016E-1
3.458400000E0	-7.537418446E-1	2.841093979E-1
3.462722222E0	-7.537418446E-1	3.370305952E-1
3.467044444E0	-7.537418446E-1	3.723113934E-1
3.471366667E0	-7.537418446E-1	3.723113934E-1
3.475688889E0	-7.537418446E-1	4.075921916E-1
3.480011111E0	-7.537418446E-1	4.252325907E-1
3.484333333E0	-7.537418446E-1	4.252325907E-1
3.488655556E0	-7.537418446E-1	4.252325907E-1
3.492977778E0	-7.537418446E-1	4.781537880E-1
3.497300000E0	-7.890226428E-1	5.663557834E-1
3.501622222E0	-7.890226428E-1	5.663557834E-1
3.505944444E0	-7.890226428E-1	6.016365816E-1
3.510266667E0	-7.890226428E-1	6.369173798E-1
3.514588889E0	-7.890226428E-1	6.545577789E-1
3.518911111E0	-7.890226428E-1	7.074789762E-1
3.523233333E0	-7.890226428E-1	7.074789762E-1
3.527555556E0	-7.890226428E-1	7.427597744E-1
3.531877778E0	-7.890226428E-1	7.427597744E-1
3.536200000E0	-7.890226428E-1	7.427597744E-1
3.540522222E0	-8.066630419E-1	7.427597744E-1
3.544844444E0	-7.890226428E-1	7.074789762E-1
3.549166667E0	-7.890226428E-1	7.074789762E-1
3.553488889E0	-7.890226428E-1	7.074789762E-1
3.557711111E0	-7.890226428E-1	7.074789762E-1
3.570666667E0	-7.890226428E-1	7.074789762E-1
3.574988889E0	-7.890226428E-1	6.898385771E-1
3.579311111E0	-7.890226428E-1	6.898385771E-1
3.583633333E0	-7.890226428E-1	6.898385771E-1
3.587955556E0	-7.361014455E-1	6.192769807E-1
3.592277778E0	-6.478994500E-1	6.016365816E-1
3.596600000E0	-6.478994500E-1	6.016365816E-1
3.600922222E0	-6.655398491E-1	6.016365816E-1
3.609522222E0	-6.831802482E-1	5.839961825E-1
3.613844444E0	-6.831802482E-1	5.839961825E-1
3.618166667E0	-6.831802482E-1	5.839961825E-1
3.622488889E0	-6.831802482E-1	5.839961825E-1
3.626811111E0	-6.831802482E-1	5.839961825E-1
3.631133333E0	-6.831802482E-1	5.663557834E-1
3.635455556E0	-7.008206473E-1	5.310749852E-1
3.639777778E0	-7.184610464E-1	4.957941871E-1
3.644100000E0	-7.184610464E-1	4.781537880E-1
3.648422222E0	-7.361014455E-1	4.605133889E-1
3.652744444E0	-7.361014455E-1	4.428729898E-1
3.657066667E0	-7.361014455E-1	4.428729898E-1
3.661388889E0	-7.537418446E-1	4.252325907E-1
3.665711111E0	-7.890226428E-1	4.075921916E-1
3.670033333E0	-7.890226428E-1	3.899517925E-1
3.674355556E0	-8.066630419E-1	3.723113934E-1
3.687244444E0	-8.243034410E-1	3.546709943E-1
3.691566667E0	-8.243034410E-1	3.370305952E-1
3.695888889E0	-8.243034410E-1	3.193901961E-1
3.700211111E0	-8.243034410E-1	3.193901961E-1
3.704533333E0	-8.243034410E-1	3.193901961E-1
3.708855556E0	-8.243034410E-1	2.841093979E-1
3.713177778E0	-8.243034410E-1	2.841093979E-1
3.717500000E0	-8.243034410E-1	2.664689988E-1
3.721822222E0	-8.419438401E-1	2.135478016E-1
3.726144444E0	-8.243034410E-1	2.311882007E-1
3.730466667E0	-8.243034410E-1	2.135478016E-1
3.734788889E0	-8.243034410E-1	1.959074025E-1
3.739111111E0	-8.243034410E-1	1.606266043E-1
3.743433333E0	-8.243034410E-1	1.077054070E-1
3.747755556E0	-8.243034410E-1	1.077054070E-1
3.752077778E0	-8.595842392E-1	1.950341154E-2
3.769288889E0	-8.595842392E-1	1.950341154E-2
3.773600000E0	-8.419438401E-1	-3.341778574E-2
3.777911111E0	-8.419438401E-1	-6.869858393E-2
3.782222222E0	-8.772246383E-1	-1.569005794E-1
3.786533333E0	-8.595842392E-1	-1.569005794E-1
3.790844444E0	-9.301458355E-1	-2.274621758E-1
3.795155556E0	-9.301458355E-1	-2.274621758E-1
3.799466667E0	-9.301458355E-1	-2.274621758E-1
3.803777778E0	-9.125054364E-1	-2.451025749E-1
3.808088889E0	-9.125054364E-1	-2.803833730E-1
3.812400000E0	-8.948650374E-1	-2.803833730E-1
3.816711111E0	-8.772246383E-1	-2.627429740E-1
3.821022222E0	-8.772246383E-1	-2.627429740E-1
3.825333333E0	-8.772246383E-1	-2.451025749E-1
3.829644444E0	-9.125054364E-1	-2.803833730E-1
3.833955556E0	-9.125054364E-1	-2.803833730E-1
3.842677778E0	-9.125054364E-1	-2.803833730E-1
3.846988889E0	-9.301458355E-1	-2.803833730E-1
3.851300000E0	-9.477862346E-1	-2.803833730E-1
3.855611111E0	-9.830670328E-1	-3.862257676E-1
3.859922222E0	-9.830670328E-1	-3.862257676E-1
3.864233333E0	-1.018347831E0	-4.567873640E-1
3.868544444E0	-1.035988230E0	-4.567873640E-1
3.872855556E0	-1.071269028E0	-5.097085613E-1
3.877166667E0	-1.071269028E0	-5.273489604E-1
3.881477778E0	-1.071269028E0	-5.273489604E-1
3.885788889E0	-1.035988230E0	-5.097085613E-1
3.890100000E0	-1.035988230E0	-5.097085613E-1
3.894411111E0	-1.035988230E0	-5.273489604E-1
3.898722222E0	-1.035988230E0	-5.273489604E-1
3.903033333E0	-1.035988230E0	-5.273489604E-1
3.907344444E0	-1.035988230E0	-5.273489604E-1
3.916077778E0	-1.035988230E0	-5.273489604E-1
3.920400000E0	-1.053628629E0	-5.626297585E-1
3.924722222E0	-1.053628629E0	-5.626297585E-1
3.929044444E0	-1.053628629E0	-5.626297585E-1
3.933366667E0	-1.053628629E0	-5.802701576E-1
3.937688889E0	-1.053628629E0	-5.802701576E-1
3.942011111E0	-1.053628629E0	-5.802701576E-1
3.946333333E0	-1.053628629E0	-6.861125522E-1
3.950655556E0	-1.053628629E0	-6.861125522E-1
3.954977778E0	-1.106549826E0	-6.861125522E-1
3.959300000E0	-1.018347831E0	-7.566741486E-1
3.967944444E0	-1.000707432E0	-7.390337495E-1
3.972266667E0	-1.318234616E0	-7.213933504E-1
3.976588889E0	-1.282953817E0	-7.390337495E-1
3.980911111E0	-1.265313418E0	-7.213933504E-1
3.993800000E0	-1.388796212E0	-6.331913549E-1
3.998111111E0	-1.282953817E0	-6.861125522E-1
4.002422222E0	-1.265313418E0	-7.213933504E-1
4.006733333E0	-1.230032620E0	-7.037529513E-1
4.011044444E0	-1.230032620E0	-5.802701576E-1
4.015355556E0	-1.300594216E0	-6.155509558E-1
4.019666667E0	-1.282953817E0	-6.508317540E-1
4.023977778E0	-1.230032620E0	-6.508317540E-1
4.032644444E0	-1.071269028E0	-8.801569422E-1
4.036966667E0	-1.177111423E0	-6.684721531E-1
4.041288889E0	-1.159471024E0	-6.155509558E-1
4.045611111E0	-1.141830625E0	-4.567873640E-1
4.049933333E0	-1.159471024E0	-5.273489604E-1
4.054255556E0	-1.124190226E0	-4.391469649E-1
4.058577778E0	-1.124190226E0	-4.391469649E-1
4.062900000E0	-1.177111423E0	-4.567873640E-1
4.071511111E0	-1.141830625E0	-4.391469649E-1
4.080133333E0	-1.035988230E0	-4.567873640E-1
4.084444444E0	-1.300594216E0	-4.920681622E-1
4.088755556E0	-1.300594216E0	-4.038661667E-1
4.093066667E0	-1.300594216E0	-3.862257676E-1
4.097377778E0	-1.282953817E0	-3.333045703E-1
4.101688889E0	-1.282953817E0	-2.803833730E-1
4.110366667E0	-1.282953817E0	-2.274621758E-1
4.114688889E0	-1.282953817E0	-1.569005794E-1
4.119011111E0	-1.282953817E0	-1.216197812E-1
4.123333333E0	-1.265313418E0	-8.633898302E-2
4.127655556E0	-1.265313418E0	-5.105818483E-2
4.131977778E0	-1.265313418E0	-3.341778574E-2
4.136300000E0	-1.230032620E0	1.950341154E-2
4.140622222E0	-1.230032620E0	1.950341154E-2
4.149222222E0	-1.212392221E0	3.714381063E-2
4.153544444E0	-1.212392221E0	3.714381063E-2
4.157866667E0	-1.212392221E0	3.714381063E-2
4.162188889E0	-1.177111423E0	3.714381063E-2
4.166511111E0	-1.159471024E0	7.242460882E-2
4.170833333E0	-1.159471024E0	7.242460882E-2
4.175155556E0	-1.159471024E0	1.077054070E-1
4.179477778E0	-1.159471024E0	1.429862052E-1
4.192400000E0	-1.124190226E0	1.782670034E-1
4.196722222E0	-1.124190226E0	1.959074025E-1
4.201044444E0	-1.124190226E0	1.959074025E-1
4.205366667E0	-1.106549826E0	1.959074025E-1
4.209688889E0	-1.071269028E0	1.959074025E-1
4.214011111E0	-1.035988230E0	2.488285998E-1
4.218333333E0	-1.035988230E0	2.664689988E-1
4.231266667E0	-1.035988230E0	2.664689988E-1
4.235577778E0	-1.035988230E0	2.311882007E-1
4.239888889E0	-9.125054364E-1	1.782670034E-1
4.244200000E0	-8.772246383E-1	1.606266043E-1
4.248511111E0	-8.948650374E-1	1.429862052E-1
4.252822222E0	-8.772246383E-1	2.135478016E-1
4.257133333E0	-9.125054364E-1	1.782670034E-1
4.261444444E0	-9.301458355E-1	1.782670034E-1
4.265755556E0	-9.477862346E-1	1.782670034E-1
4.270066667E0	-9.477862346E-1	1.606266043E-1
4.274377778E0	-9.477862346E-1	1.606266043E-1
4.278688889E0	-9.477862346E-1	2.135478016E-1
4.283000000E0	-9.301458355E-1	2.841093979E-1
4.287311111E0	-9.125054364E-1	2.841093979E-1
4.291622222E0	-8.948650374E-1	3.017497970E-1
4.295933333E0	-8.948650374E-1	3.017497970E-1
4.300244444E0	-8.948650374E-1	2.841093979E-1
4.304666667E0	-8.948650374E-1	2.841093979E-1
4.308988889E0	-9.125054364E-1	2.841093979E-1
4.313311111E0	-9.125054364E-1	2.841093979E-1
4.317633333E0	-9.125054364E-1	2.664689988E-1
4.321955556E0	-9.301458355E-1	2.488285998E-1
4.330600000E0	-8.772246383E-1	3.017497970E-1
4.334922222E0	-8.772246383E-1	3.723113934E-1
4.339244444E0	-8.772246383E-1	3.723113934E-1
4.343566667E0	-8.948650374E-1	3.546709943E-1
4.347888889E0	-8.948650374E-1	3.546709943E-1
4.352211111E0	-8.948650374E-1	3.546709943E-1
4.356533333E0	-8.948650374E-1	3.546709943E-1
4.360855556E0	-8.948650374E-1	3.546709943E-1
4.365177778E0	-8.948650374E-1	3.546709943E-1
4.369500000E0	-8.948650374E-1	3.193901961E-1
4.378144444E0	-8.772246383E-1	3.193901961E-1
4.382466667E0	-8.772246383E-1	3.193901961E-1
4.386788889E0	-8.772246383E-1	3.193901961E-1
4.391111111E0	-8.772246383E-1	3.193901961E-1
4.395433333E0	-8.772246383E-1	2.841093979E-1
4.399655556E0	-8.948650374E-1	2.664689988E-1
4.403877778E0	-8.948650374E-1	2.488285998E-1
4.408288889E0	-8.948650374E-1	2.488285998E-1
4.412700000E0	-9.125054364E-1	2.135478016E-1
4.416933333E0	-9.125054364E-1	2.135478016E-1
4.421166667E0	-9.125054364E-1	2.135478016E-1
4.425566667E0	-9.125054364E-1	2.135478016E-1
4.429966667E0	-9.125054364E-1	2.135478016E-1
4.434200000E0	-9.125054364E-1	1.959074025E-1
4.438433333E0	-9.125054364E-1	1.782670034E-1
4.442833333E0	-9.301458355E-1	1.782670034E-1
4.447233333E0	-9.301458355E-1	1.606266043E-1
4.451466667E0	-9.477862346E-1	1.253458061E-1
4.455700000E0	-9.477862346E-1	1.077054070E-1
4.460111111E0	-9.477862346E-1	1.077054070E-1
4.464422222E0	-9.477862346E-1	9.006500791E-2
4.468733333E0	-9.477862346E-1	7.242460882E-2
4.473044444E0	-9.477862346E-1	7.242460882E-2
4.477355556E0	-9.477862346E-1	5.478420973E-2
4.481666667E0	-9.654266337E-1	1.950341154E-2
4.490288889E0	-9.477862346E-1	1.863012445E-3
4.494600000E0	-9.477862346E-1	1.863012445E-3
4.498911111E0	-9.301458355E-1	1.863012445E-3
4.503222222E0	-9.301458355E-1	-1.577738665E-2
4.507533333E0	-9.301458355E-1	-1.577738665E-2
4.511844444E0	-9.477862346E-1	-3.341778574E-2
4.516155556E0	-9.477862346E-1	-3.341778574E-2
4.520466667E0	-9.477862346E-1	-6.869858393E-2
4.524777778E0	-9.477862346E-1	-8.633898302E-2
4.529088889E0	-9.477862346E-1	-1.039793821E-1
4.533400000E0	-9.654266337E-1	-1.921813776E-1
4.537711111E0	-9.477862346E-1	-1.745409785E-1
4.542133333E0	-9.477862346E-1	-1.921813776E-1
4.546455556E0	-9.654266337E-1	-2.098217767E-1
4.550777778E0	-8.772246383E-1	9.006500791E-2
4.559422222E0	-8.948650374E-1	3.714381063E-2
4.563744444E0	-9.477862346E-1	-8.633898302E-2
4.568066667E0	-9.830670328E-1	-1.745409785E-1
4.576711111E0	-9.830670328E-1	-1.921813776E-1
4.581033333E0	-9.830670328E-1	-2.980237721E-1
4.585355556E0	-9.830670328E-1	-2.980237721E-1
4.589677778E0	-9.830670328E-1	-3.156641712E-1
4.594000000E0	-9.830670328E-1	-2.980237721E-1
4.598322222E0	-1.018347831E0	-2.980237721E-1
4.602644444E0	-1.000707432E0	-2.980237721E-1
