mass_A
t	x	y
0.000000000E0	8.705829126E-1	-1.207498027E1
4.322222222E-3	8.960123582E-1	-1.210040971E1
8.644444444E-3	9.174782936E-1	-1.209232125E1
1.296666667E-2	9.309117126E-1	-1.209321877E1
1.728888889E-2	9.781899793E-1	-1.209455601E1
2.161111111E-2	9.954018895E-1	-1.209451129E1
2.593333333E-2	1.031407162E0	-1.209402832E1
3.025555556E-2	1.080689024E0	-1.209031834E1
3.457777778E-2	1.118260504E0	-1.206600789E1
3.890000000E-2	1.168980165E0	-1.198935599E1
4.322222222E-2	1.213762723E0	-1.182313094E1
4.744444444E-2	1.250433022E0	-1.162332265E1
5.166666667E-2	1.305162357E0	-1.132056068E1
5.607777778E-2	1.337560346E0	-1.106200452E1
6.048888889E-2	1.380645304E0	-1.074852300E1
6.472222222E-2	1.439399124E0	-1.044185845E1
6.895555556E-2	1.424753274E0	-1.006557645E1
7.335555556E-2	1.436851141E0	-9.724630471E0
7.775555556E-2	1.409379330E0	-9.320964923E0
8.198888889E-2	1.353633734E0	-8.940876907E0
8.622222222E-2	1.329649821E0	-8.544596699E0
9.062222222E-2	1.277584464E0	-8.140078849E0
9.502222222E-2	1.204051363E0	-7.769012584E0
9.925555556E-2	1.113191346E0	-7.406752114E0
1.034888889E-1	1.116951304E0	-7.046358085E0
1.079000000E-1	1.016383656E0	-6.709482463E0
1.122111111E-1	9.828608975E-1	-6.393401852E0
1.165222222E-1	9.093284853E-1	-6.118535888E0
1.208333333E-1	8.589187207E-1	-5.814538960E0
1.251444444E-1	8.572924078E-1	-5.569545821E0
1.294555556E-1	8.104407915E-1	-5.198545851E0
1.337666667E-1	7.104385785E-1	-4.987668216E0
1.380777778E-1	7.501730603E-1	-4.621168155E0
1.423888889E-1	9.232688147E-1	-4.339746493E0
1.467000000E-1	8.811433162E-1	-4.018254858E0
1.510111111E-1	7.919294391E-1	-3.739355758E0
1.553222222E-1	6.801561367E-1	-3.457516586E0
1.596333333E-1	6.732624375E-1	-3.168665264E0
1.639444444E-1	6.075728863E-1	-2.894233134E0
1.682555556E-1	6.198138514E-1	-2.601078227E0
1.725666667E-1	6.000574399E-1	-2.321111709E0
1.768777778E-1	5.980672409E-1	-2.036367194E0
1.811888889E-1	6.010541930E-1	-1.760035707E0
1.855000000E-1	7.021303673E-1	-1.504191401E0
1.899222222E-1	6.754391791E-1	-1.234565162E0
1.942444444E-1	6.647635837E-1	-9.630335282E-1
1.985666667E-1	7.892349818E-1	-7.700519265E-1
2.028888889E-1	5.522942895E-1	-3.654074749E-1
2.072111111E-1	5.926673895E-1	-1.837285251E-1
2.115333333E-1	4.464333041E-1	2.884760986E-1
2.158555556E-1	6.253856336E-1	3.987302395E-1
2.201777778E-1	6.751648513E-1	6.102472062E-1
2.245000000E-1	7.040043688E-1	9.168087239E-1
2.288222222E-1	6.153511913E-1	1.128895628E0
2.331444444E-1	6.810003085E-1	1.372297269E0
2.374666667E-1	7.001698382E-1	1.618920671E0
2.417888889E-1	7.132200402E-1	1.837116980E0
2.461111111E-1	7.487023411E-1	2.068520627E0
2.504333333E-1	7.742087136E-1	2.292463862E0
2.547555556E-1	7.843305371E-1	2.487815397E0
2.590777778E-1	8.004451710E-1	2.685098556E0
2.634000000E-1	8.114105925E-1	2.880173148E0
2.677222222E-1	7.908585573E-1	3.051737049E0
2.720444444E-1	7.698838167E-1	3.152093392E0
2.763666667E-1	1.089590750E0	3.161102483E0
2.806888889E-1	1.178415347E0	3.178816456E0
2.849111111E-1	1.083649295E0	3.217430610E0
2.891333333E-1	1.076700177E0	3.268136521E0
2.935444444E-1	8.603674957E-1	3.834371181E0
2.979555556E-1	8.052341563E-1	4.260220916E0
3.021888889E-1	7.924661926E-1	4.321463348E0
3.064222222E-1	7.588028136E-1	4.374840852E0
3.108222222E-1	6.560186407E-1	4.430080117E0
3.152222222E-1	6.548394393E-1	4.534381554E0
3.194555556E-1	6.058198128E-1	4.626975923E0
3.236888889E-1	6.013757882E-1	4.725590697E0
3.280888889E-1	5.744948521E-1	4.795097059E0
3.324888889E-1	6.086749591E-1	4.857012172E0
3.367222222E-1	6.062729232E-1	4.947609815E0
3.409555556E-1	5.903735221E-1	5.030898938E0
3.453666667E-1	6.185773068E-1	5.097181393E0
3.496777778E-1	6.260409644E-1	5.192723945E0
3.539888889E-1	5.994212012E-1	5.299405775E0
3.583000000E-1	5.650748244E-1	5.399450407E0
3.626111111E-1	6.459385302E-1	5.447157620E0
3.669222222E-1	5.969438515E-1	5.541619720E0
3.712333333E-1	6.043041835E-1	5.591807994E0
3.755444444E-1	6.024318844E-1	5.643786058E0
3.798555556E-1	5.985900551E-1	5.690252982E0
3.841666667E-1	5.786793356E-1	5.735806608E0
3.884777778E-1	6.192141735E-1	5.743564336E0
3.927888889E-1	6.038690473E-1	5.801682937E0
3.971000000E-1	5.481747815E-1	5.842671458E0
4.014111111E-1	5.301262065E-1	5.888084987E0
4.057222222E-1	5.694105189E-1	5.905246699E0
4.100333333E-1	5.431740291E-1	5.938018381E0
4.143444444E-1	5.478096290E-1	5.945682261E0
4.186555556E-1	5.352007687E-1	5.950153162E0
4.229666667E-1	4.902000935E-1	5.952924110E0
4.273888889E-1	5.206866188E-1	5.953187449E0
4.317111111E-1	5.100242768E-1	5.947204332E0
4.360333333E-1	4.979494253E-1	5.936609134E0
4.403555556E-1	4.986170322E-1	5.894641594E0
4.446777778E-1	5.597741686E-1	5.854749028E0
4.490000000E-1	5.210568963E-1	5.833219760E0
4.533222222E-1	7.856660099E-1	5.395008500E0
4.576444444E-1	6.320589805E-1	5.303845577E0
4.662444444E-1	7.588514583E-1	5.191002121E0
4.705666667E-1	6.181155336E-1	5.101275328E0
4.748888889E-1	6.819983153E-1	5.042149639E0
4.792111111E-1	5.848401300E-1	4.944556843E0
4.835333333E-1	5.335980440E-1	4.847839594E0
4.878555556E-1	5.406123644E-1	4.774897912E0
4.921777778E-1	4.632347497E-1	4.681357470E0
4.965000000E-1	4.611431124E-1	4.604160548E0
5.008222222E-1	5.977757126E-1	4.519397058E0
5.051444444E-1	5.328311455E-1	4.420118787E0
5.094666667E-1	6.028687047E-1	4.349147349E0
5.137888889E-1	9.802114002E-2	4.324238777E0
5.181111111E-1	3.462245707E-1	4.405641097E0
5.224333333E-1	3.737517041E-1	4.591294504E0
5.267555556E-1	4.016574534E-1	4.499413958E0
5.310777778E-1	3.817401125E-1	4.397092967E0
5.354000000E-1	3.589570225E-1	4.334947331E0
5.397222222E-1	3.261824820E-1	4.274446615E0
5.440444444E-1	3.915507640E-1	3.333082329E0
5.483666667E-1	3.513518601E-1	3.274232006E0
5.526888889E-1	2.407335880E-1	3.203753325E0
5.570111111E-1	3.088850903E-1	3.070065161E0
5.613333333E-1	3.258439989E-1	2.960384960E0
5.656555556E-1	2.207117594E-1	2.844435603E0
5.742000000E-1	1.879504665E-1	2.585892524E0
5.785222222E-1	2.933006543E-1	2.447707231E0
5.828444444E-1	3.055457189E-1	2.302453020E0
5.871666667E-1	3.379036545E-1	2.159442042E0
5.914888889E-1	2.093606409E-1	2.032933849E0
5.958111111E-1	2.366181141E-1	1.878513734E0
6.001333333E-1	2.805758737E-1	1.730625438E0
6.044555556E-1	5.870222265E-1	1.576196690E0
6.130666667E-1	5.833128998E-1	1.277868591E0
6.173777778E-1	3.983379142E-1	1.120942778E0
6.216888889E-1	7.301566051E-1	1.015073731E0
6.260000000E-1	4.112120609E-1	1.505450637E0
6.303111111E-1	4.956081229E-1	7.174306514E-1
6.346222222E-1	3.984246593E-1	5.999520980E-1
6.389333333E-1	6.777391885E-1	4.135458510E-1
6.432444444E-1	4.263816703E-1	9.557472123E-1
6.605555556E-1	4.436513985E-1	4.114944663E-1
6.648777778E-1	4.944497537E-1	3.475887003E-1
6.692000000E-1	6.032960332E-1	-2.216452274E-1
6.735222222E-1	6.318595290E-1	-4.501531940E-1
6.778444444E-1	5.461690415E-1	-5.929706732E-1
6.821666667E-1	6.889865207E-1	-8.500421357E-1
6.864888889E-1	8.032405040E-1	-9.357326232E-1
6.908111111E-1	6.849145051E-1	-6.622471730E-1
6.951333333E-1	7.188428767E-1	-7.362739730E-1
6.994555556E-1	7.337576446E-1	-8.475356784E-1
7.037777778E-1	7.325676524E-1	-9.826819935E-1
7.081000000E-1	7.337566342E-1	-1.098399378E0
7.124222222E-1	7.407134876E-1	-1.218681987E0
7.167444444E-1	7.355708902E-1	-1.336886366E0
7.210666667E-1	7.525042526E-1	-1.461305035E0
7.253888889E-1	7.459516358E-1	-1.575805309E0
7.297111111E-1	7.495266642E-1	-1.677171496E0
7.340333333E-1	7.663217690E-1	-1.788356909E0
7.383555556E-1	7.704649236E-1	-1.882631776E0
7.426777778E-1	7.805521170E-1	-1.982338330E0
7.470000000E-1	7.905697888E-1	-2.079461575E0
7.513222222E-1	7.935513514E-1	-2.167605773E0
7.556444444E-1	7.946495838E-1	-2.244522906E0
7.599666667E-1	7.983128415E-1	-2.327993869E0
7.642888889E-1	8.092357597E-1	-2.395303698E0
7.685111111E-1	8.107396569E-1	-2.470652183E0
7.727333333E-1	8.162355904E-1	-2.534455783E0
7.771555556E-1	8.248733537E-1	-2.591975655E0
7.814666667E-1	8.437256885E-1	-2.641495347E0
7.857777778E-1	8.426193921E-1	-2.693905229E0
7.900888889E-1	8.465712929E-1	-2.740122723E0
7.944000000E-1	8.477465760E-1	-2.776095800E0
7.987111111E-1	8.602733026E-1	-2.813657132E0
8.030222222E-1	8.691841162E-1	-2.841573435E0
8.073333333E-1	8.841626791E-1	-2.858629819E0
8.116444444E-1	8.918473468E-1	-2.889539573E0
8.159555556E-1	8.890172218E-1	-2.900447160E0
8.202666667E-1	8.911000496E-1	-2.908858412E0
8.245777778E-1	8.938658555E-1	-2.915075176E0
8.288888889E-1	8.957324046E-1	-2.914900246E0
8.332000000E-1	8.966996316E-1	-2.914709936E0
8.375111111E-1	9.026556483E-1	-2.906606437E0
8.418222222E-1	9.051170882E-1	-2.901484368E0
8.461333333E-1	9.072433381E-1	-2.889479693E0
8.505555556E-1	9.067432167E-1	-2.874025853E0
8.548666667E-1	9.004219328E-1	-2.844643237E0
8.591777778E-1	9.049005396E-1	-2.830706186E0
8.634888889E-1	8.974460879E-1	-2.792628320E0
8.678000000E-1	8.968462897E-1	-2.753845432E0
8.721111111E-1	8.947340124E-1	-2.733087552E0
8.764222222E-1	8.971073884E-1	-2.685520708E0
8.807333333E-1	8.978248115E-1	-2.641341399E0
8.850444444E-1	8.976368009E-1	-2.589178632E0
8.893555556E-1	8.897718681E-1	-2.533704833E0
8.936666667E-1	8.890810051E-1	-2.479186049E0
8.979777778E-1	8.792472364E-1	-2.417695950E0
9.022888889E-1	8.890041198E-1	-2.339678871E0
9.066000000E-1	8.682320524E-1	-2.273254944E0
9.109111111E-1	8.769304912E-1	-2.185948190E0
9.152222222E-1	8.786352759E-1	-2.098925221E0
9.195333333E-1	8.751446387E-1	-2.020675278E0
9.239555556E-1	8.737227195E-1	-1.927928968E0
9.282777778E-1	8.704755294E-1	-1.835086740E0
9.326000000E-1	8.642756082E-1	-1.741548651E0
9.369222222E-1	8.497365845E-1	-1.656384921E0
9.412444444E-1	8.550878216E-1	-1.563480885E0
9.455666667E-1	8.617410344E-1	-1.464633986E0
9.498888889E-1	8.540954474E-1	-1.366056370E0
9.542111111E-1	8.501447558E-1	-1.267543766E0
9.585333333E-1	8.503787804E-1	-1.169581248E0
9.628555556E-1	8.584312667E-1	-1.075589124E0
9.671777778E-1	8.544209100E-1	-9.824143353E-1
9.715000000E-1	8.407049144E-1	-8.991286973E-1
9.758222222E-1	8.508064469E-1	-8.045796207E-1
9.801444444E-1	8.283286360E-1	-7.560462025E-1
9.844666667E-1	9.026084635E-1	-7.368596478E-1
9.887888889E-1	9.174944873E-1	-5.358436815E-1
9.931111111E-1	6.604230249E-1	-4.501531940E-1
9.974333333E-1	8.603674957E-1	-3.358992107E-1
1.001755556E0	1.128861350E0	-8.099858277E-1
1.006077778E0	1.149525782E0	-7.562241688E-1
1.010400000E0	1.164269885E0	-6.469569253E-1
1.014722222E0	8.032405040E-1	-2.502087232E-1
1.018944444E0	6.318595290E-1	9.255322676E-2
1.023166667E0	6.972069428E-1	3.277940349E-1
1.027577778E0	7.243899456E-1	3.647756527E-1
1.031988889E0	6.164986922E-1	4.641184410E-1
1.036222222E0	6.113650432E-1	5.790887398E-1
1.040455556E0	6.272632908E-1	6.649076039E-1
1.044855556E0	6.225251688E-1	7.501583431E-1
1.049255556E0	5.994715288E-1	8.420406061E-1
1.053488889E0	5.925030308E-1	9.295169113E-1
1.057722222E0	5.925567165E-1	1.002423151E0
1.062122222E0	5.847656016E-1	1.076836189E0
1.066522222E0	5.857256674E-1	1.167891326E0
1.070755556E0	5.611398371E-1	1.240271343E0
1.074988889E0	5.713981250E-1	1.333463035E0
1.079400000E0	5.865532397E-1	1.416909654E0
1.083711111E0	5.600524962E-1	1.481075922E0
1.088022222E0	5.688914479E-1	1.561237144E0
1.092333333E0	5.640136660E-1	1.630986270E0
1.096644444E0	5.558228595E-1	1.695470189E0
1.100955556E0	5.529380965E-1	1.774223652E0
1.105266667E0	5.596543514E-1	1.830081208E0
1.109577778E0	5.488676126E-1	1.886487230E0
1.113888889E0	5.401374380E-1	1.946078453E0
1.118200000E0	5.365855651E-1	1.995688274E0
1.122511111E0	5.441369424E-1	2.053639838E0
1.126822222E0	5.373959435E-1	2.096985609E0
1.131133333E0	5.305306458E-1	2.154486057E0
1.135444444E0	5.357669832E-1	2.199810983E0
1.139755556E0	5.337102975E-1	2.244534893E0
1.144066667E0	5.353075853E-1	2.291361640E0
1.148377778E0	5.410503653E-1	2.337757585E0
1.152688889E0	5.384921931E-1	2.384902997E0
1.157000000E0	5.391842146E-1	2.421544456E0
1.161422222E0	5.350457281E-1	2.455437139E0
1.165744444E0	5.389858746E-1	2.496471848E0
1.170066667E0	5.538442673E-1	2.523616421E0
1.174388889E0	5.367750095E-1	2.553914797E0
1.178711111E0	5.360309140E-1	2.598425986E0
1.183033333E0	5.184282816E-1	2.610879087E0
1.187355556E0	5.295241340E-1	2.647642543E0
1.191677778E0	5.209008581E-1	2.664424449E0
1.196000000E0	5.308174972E-1	2.694558264E0
1.200322222E0	5.259762093E-1	2.702215969E0
1.204644444E0	5.075648035E-1	2.716222357E0
1.208966667E0	5.164604056E-1	2.742771765E0
1.213288889E0	5.159262046E-1	2.753347346E0
1.217611111E0	5.156105436E-1	2.761569175E0
1.221933333E0	5.179420702E-1	2.766478579E0
1.226255556E0	5.129917753E-1	2.765315832E0
1.230577778E0	5.125752045E-1	2.765061018E0
1.234900000E0	5.065802520E-1	2.770272451E0
1.239222222E0	5.054142485E-1	2.766725544E0
1.243544444E0	5.099912291E-1	2.763465380E0
1.247866667E0	5.075755139E-1	2.755834581E0
1.252188889E0	5.117803305E-1	2.750319870E0
1.256411111E0	5.242041246E-1	2.746621468E0
1.260633333E0	5.269801390E-1	2.740297182E0
1.265044444E0	5.146447607E-1	2.717035378E0
1.269455556E0	5.351311180E-1	2.696372371E0
1.273688889E0	5.267840271E-1	2.673914920E0
1.277922222E0	5.404623075E-1	2.651514763E0
1.286633333E0	5.432135566E-1	2.599532946E0
1.290955556E0	5.457333703E-1	2.565544195E0
1.295277778E0	5.462370701E-1	2.544490050E0
1.299600000E0	5.482383031E-1	2.499932529E0
1.303922222E0	5.531816842E-1	2.466041291E0
1.308244444E0	5.446345999E-1	2.439911628E0
1.312566667E0	5.427126298E-1	2.393254499E0
1.316888889E0	5.396112278E-1	2.347862333E0
1.321211111E0	5.427231996E-1	2.329449654E0
1.325533333E0	5.442714492E-1	2.271882232E0
1.329855556E0	5.419684532E-1	2.236468190E0
1.334177778E0	5.445560618E-1	2.188834548E0
1.338500000E0	5.381380492E-1	2.141099503E0
1.342822222E0	5.239215839E-1	2.092686883E0
1.347144444E0	5.139170751E-1	2.040407707E0
1.351466667E0	4.831516602E-1	2.000735952E0
1.355788889E0	4.857085979E-1	1.942259378E0
1.360111111E0	4.509903892E-1	1.878715853E0
1.364433333E0	4.365328209E-1	1.839542974E0
1.368755556E0	5.231356447E-1	1.826779290E0
1.373077778E0	5.003806230E-1	1.778031093E0
1.377400000E0	5.030933433E-1	1.730030132E0
1.381722222E0	5.464178378E-1	1.540067428E0
1.385944444E0	5.515205479E-1	1.468410145E0
1.390166667E0	5.618853707E-1	1.423502654E0
1.394577778E0	5.231656097E-1	1.346292553E0
1.398988889E0	5.516224559E-1	1.269806308E0
1.403222222E0	5.314633681E-1	1.222378326E0
1.407455556E0	5.529032452E-1	1.139536149E0
1.411855556E0	5.742196299E-1	1.068084789E0
1.416255556E0	5.507381319E-1	9.883509485E-1
1.420488889E0	5.467943033E-1	9.326445905E-1
1.424722222E0	5.509271609E-1	8.860418517E-1
1.429122222E0	7.562976255E-1	8.696991111E-1
1.433522222E0	5.412142453E-1	7.298525460E-1
1.437755556E0	5.829079128E-1	6.616425579E-1
1.441988889E0	5.857032986E-1	6.106373795E-1
1.446400000E0	5.652670013E-1	5.635571479E-1
1.450711111E0	5.357948048E-1	5.055080515E-1
1.455022222E0	5.050652899E-1	3.964794086E-1
1.459333333E0	5.097590008E-1	3.283907770E-1
1.463644444E0	7.209381876E-1	3.085457371E-1
1.467955556E0	4.618019522E-1	2.557944489E-1
1.472266667E0	6.683618678E-1	2.497050692E-1
1.476577778E0	6.346874481E-1	2.110298352E-1
1.480888889E0	5.583898458E-1	1.621523609E-1
1.485200000E0	6.318595290E-1	-2.787722191E-1
1.489511111E0	7.461135123E-1	-4.215896982E-1
1.493822222E0	8.603674957E-1	-6.215341690E-1
1.498133333E0	9.746214790E-1	-6.500976649E-1
1.502444444E0	7.175500165E-1	-6.786611607E-1
1.506755556E0	7.018375104E-1	-5.383100860E-1
1.511066667E0	7.899233526E-1	-5.653429726E-1
1.515377778E0	7.559565048E-1	-6.167673571E-1
1.519688889E0	7.910040053E-1	-6.634505080E-1
1.524000000E0	8.021169415E-1	-7.098987120E-1
1.532744444E0	8.046038154E-1	-8.040843283E-1
1.537055556E0	8.073683033E-1	-8.693972021E-1
1.541366667E0	8.312372845E-1	-9.155388663E-1
1.545677778E0	8.248057480E-1	-9.583471151E-1
1.549988889E0	8.305372092E-1	-1.010022312E0
1.554300000E0	8.189923409E-1	-1.055855746E0
1.558611111E0	8.188644381E-1	-1.105028284E0
1.562922222E0	8.269015500E-1	-1.127808572E0
1.571588889E0	8.364946240E-1	-1.214728449E0
1.575911111E0	8.386278819E-1	-1.247618260E0
1.580233333E0	8.200239220E-1	-1.296474370E0
1.584555556E0	8.451840219E-1	-1.319518957E0
1.588877778E0	8.447876650E-1	-1.330053071E0
1.593200000E0	8.213899028E-1	-1.366732449E0
1.597522222E0	8.360463428E-1	-1.386439767E0
1.601844444E0	7.996447759E-1	-1.411035442E0
1.610444444E0	8.327765377E-1	-1.438120845E0
1.614766667E0	7.908928979E-1	-1.461314058E0
1.619088889E0	8.158426842E-1	-1.475423270E0
1.623411111E0	8.333592295E-1	-1.486319337E0
1.627733333E0	7.785269364E-1	-1.499502553E0
1.632055556E0	7.732480485E-1	-1.502985274E0
1.636377778E0	7.891155550E-1	-1.509186927E0
1.640700000E0	7.874185511E-1	-1.514096465E0
1.645022222E0	7.888896177E-1	-1.514623162E0
1.649344444E0	7.914000983E-1	-1.515454103E0
1.653666667E0	7.913417941E-1	-1.515234476E0
1.657988889E0	7.908368759E-1	-1.515331713E0
1.662311111E0	8.032504963E-1	-1.508649113E0
1.666633333E0	8.267128860E-1	-1.486176438E0
1.670955556E0	8.022045836E-1	-1.449526722E0
1.675277778E0	7.970314972E-1	-1.427438487E0
1.679600000E0	8.211144565E-1	-1.417913247E0
1.683922222E0	8.201480448E-1	-1.406081931E0
1.688244444E0	8.111833465E-1	-1.370026772E0
1.692566667E0	8.143281889E-1	-1.336447899E0
1.696888889E0	8.282664183E-1	-1.317256907E0
1.701211111E0	8.196662284E-1	-1.280717989E0
1.705533333E0	8.084061923E-1	-1.260420200E0
1.709855556E0	8.102397767E-1	-1.221295872E0
1.714177778E0	8.145875894E-1	-1.183146438E0
1.718400000E0	8.171958907E-1	-1.152338724E0
1.722622222E0	8.265938168E-1	-1.117324612E0
1.727044444E0	8.217435348E-1	-1.071353442E0
1.731355556E0	8.311748518E-1	-1.031813424E0
1.735666667E0	8.425054827E-1	-1.007851940E0
1.739977778E0	8.417786029E-1	-9.587699977E-1
1.744288889E0	8.402576523E-1	-9.175300621E-1
1.748600000E0	8.622455190E-1	-8.923868332E-1
1.752911111E0	8.642496833E-1	-8.512008107E-1
1.757222222E0	8.659522998E-1	-8.187507706E-1
1.761533333E0	8.498441843E-1	-7.704073961E-1
1.765844444E0	8.311843952E-1	-7.364619579E-1
1.770155556E0	7.761882356E-1	-6.973559866E-1
1.774466667E0	8.318039998E-1	-7.357881524E-1
1.778777778E0	1.139521647E0	-1.129020556E0
1.783088889E0	8.032405040E-1	-6.786611607E-1
1.787400000E0	1.132374298E0	-1.026031776E0
1.791711111E0	8.032405040E-1	-4.501531940E-1
1.796022222E0	1.142351412E0	-9.175459764E-1
1.800333333E0	1.120849059E0	-8.696541524E-1
1.804644444E0	1.125487806E0	-8.146688111E-1
1.809066667E0	1.134804023E0	-7.673730339E-1
1.813388889E0	1.114657563E0	-7.130639657E-1
1.817711111E0	1.095561360E0	-6.738537916E-1
1.822033333E0	8.032405040E-1	-2.502087232E-1
1.826355556E0	6.354516551E-1	1.838621101E-1
1.830677778E0	6.412882074E-1	2.036466763E-1
1.835000000E0	6.987630230E-1	2.191359473E-1
1.839322222E0	6.808838951E-1	2.692660688E-1
1.843644444E0	6.200559548E-1	3.420286896E-1
1.847966667E0	6.276260990E-1	4.020795843E-1
1.852288889E0	6.339794374E-1	4.647811014E-1
1.856611111E0	6.177130259E-1	5.055991179E-1
1.860933333E0	6.001345401E-1	5.608427993E-1
1.865255556E0	6.187476322E-1	5.934561484E-1
1.869577778E0	6.273919579E-1	6.359305577E-1
1.873900000E0	6.566659793E-1	6.830407098E-1
1.878222222E0	6.221410936E-1	7.455271725E-1
1.882544444E0	6.287172582E-1	7.970190486E-1
1.895433333E0	6.324236380E-1	9.108964215E-1
1.899755556E0	6.267588170E-1	9.515641867E-1
1.904077778E0	6.684067638E-1	9.834021617E-1
1.908400000E0	6.643834146E-1	1.024629880E0
1.912722222E0	6.509344641E-1	1.065025710E0
1.917044444E0	6.292445807E-1	1.111659596E0
1.921366667E0	6.431678542E-1	1.133017055E0
1.925688889E0	6.173763920E-1	1.172357144E0
1.930011111E0	6.307102980E-1	1.213327159E0
1.934333333E0	6.730416853E-1	1.229422208E0
1.938655556E0	6.507731729E-1	1.274242184E0
1.942977778E0	6.040853654E-1	1.310032106E0
1.947300000E0	6.398147074E-1	1.327838410E0
1.951622222E0	6.101437389E-1	1.360032042E0
1.955944444E0	6.412145666E-1	1.384201197E0
1.960266667E0	6.171719695E-1	1.416371261E0
1.968833333E0	6.287190068E-1	1.466203782E0
1.973155556E0	6.271957639E-1	1.479526535E0
1.977477778E0	6.269288352E-1	1.504452821E0
1.981800000E0	6.360326544E-1	1.521434687E0
1.986122222E0	6.387340085E-1	1.536210469E0
1.990444444E0	6.416839494E-1	1.559887725E0
1.994766667E0	6.468479127E-1	1.578523314E0
1.999088889E0	6.441888827E-1	1.589279973E0
2.007700000E0	6.573486722E-1	1.620528600E0
2.012011111E0	6.554479132E-1	1.625534070E0
2.016322222E0	6.623711638E-1	1.634319407E0
2.020633333E0	6.558612484E-1	1.637451468E0
2.024944444E0	6.517173270E-1	1.641434775E0
2.029255556E0	6.610091449E-1	1.642398820E0
2.033566667E0	6.593396904E-1	1.642891139E0
2.037877778E0	6.564871649E-1	1.645354112E0
2.042188889E0	6.583944253E-1	1.644411203E0
2.046500000E0	6.526890344E-1	1.643849236E0
2.050811111E0	6.525550997E-1	1.638275119E0
2.055122222E0	6.609553723E-1	1.635503288E0
2.059433333E0	6.764988158E-1	1.634401042E0
2.063744444E0	6.872053624E-1	1.632857238E0
2.068055556E0	6.907725519E-1	1.633703304E0
2.072366667E0	6.921320721E-1	1.628208064E0
2.076677778E0	6.860343529E-1	1.623480996E0
2.081100000E0	7.017540193E-1	1.618623234E0
2.085411111E0	7.040660436E-1	1.610508272E0
2.089722222E0	6.634314576E-1	1.585009121E0
2.094033333E0	7.103788612E-1	1.576376470E0
2.098344444E0	7.122246110E-1	1.561181727E0
2.102655556E0	6.666665376E-1	1.528478883E0
2.106966667E0	6.985558078E-1	1.525486029E0
2.111277778E0	6.536882135E-1	1.482267065E0
2.115588889E0	7.030934824E-1	1.465115766E0
2.119900000E0	6.972603696E-1	1.432442788E0
2.124211111E0	6.889745551E-1	1.419981715E0
2.128522222E0	6.564254576E-1	1.382158348E0
2.132833333E0	6.947112886E-1	1.358074089E0
2.137144444E0	6.992402411E-1	1.329735916E0
2.141455556E0	7.035401284E-1	1.316475717E0
2.145766667E0	7.292851383E-1	1.280118509E0
2.150077778E0	7.063559932E-1	1.253754108E0
2.154388889E0	7.159366419E-1	1.221354399E0
2.158811111E0	7.046026677E-1	1.187083161E0
2.163122222E0	7.361287407E-1	1.167858952E0
2.167433333E0	7.796041965E-1	1.123101524E0
2.171744444E0	7.389406228E-1	1.108624510E0
2.176055556E0	7.434129965E-1	1.065910214E0
2.180366667E0	7.779735023E-1	1.022681970E0
2.184677778E0	7.528424684E-1	1.005687964E0
2.188988889E0	7.707308201E-1	9.644872519E-1
2.193300000E0	7.801133608E-1	9.250618967E-1
2.197611111E0	7.500789062E-1	9.076590630E-1
2.201922222E0	7.553547443E-1	8.626394533E-1
2.206233333E0	7.508312333E-1	8.491336925E-1
2.210544444E0	7.572372107E-1	8.196435491E-1
2.223577778E0	7.185256595E-1	6.532056483E-1
2.227888889E0	6.961845385E-1	6.169568081E-1
2.232200000E0	7.024336205E-1	6.067587333E-1
2.236511111E0	6.629482952E-1	5.559221370E-1
2.240822222E0	6.968588432E-1	5.273115959E-1
2.245133333E0	7.203935841E-1	5.090037412E-1
2.249444444E0	7.236245791E-1	4.660924523E-1
2.253755556E0	6.725541966E-1	4.290286882E-1
2.258066667E0	7.542422283E-1	4.165682617E-1
2.262377778E0	5.638666417E-1	3.167186662E-1
2.266688889E0	7.793112736E-1	3.157205539E-1
2.271000000E0	8.212042546E-1	3.073297158E-1
2.275311111E0	8.305271493E-1	2.925750516E-1
2.279622222E0	8.220123015E-1	2.638820472E-1
2.283933333E0	7.965491158E-1	2.549335416E-1
2.288244444E0	7.745555959E-1	2.501965620E-1
2.301277778E0	6.813720400E-1	1.952546350E-1
2.305600000E0	6.188654407E-1	1.721992746E-1
2.309922222E0	8.889309915E-1	-3.073357149E-1
2.314244444E0	7.461135123E-1	-3.930262024E-1
2.318566667E0	8.032405040E-1	-2.502087232E-1
2.322888889E0	8.603674957E-1	-3.358992107E-1
2.327211111E0	8.318039998E-1	-3.073357149E-1
2.331533333E0	9.460579832E-1	-2.502087232E-1
2.335855556E0	7.746770082E-1	-4.215896982E-1
2.340177778E0	8.032405040E-1	-4.501531940E-1
2.344500000E0	8.318039998E-1	-3.644627066E-1
2.348822222E0	8.032405040E-1	-5.072801857E-1
2.353144444E0	8.318039998E-1	-7.072246565E-1
2.357466667E0	8.032405040E-1	-6.500976649E-1
2.361788889E0	8.318039998E-1	-6.215341690E-1
2.366111111E0	7.777263180E-1	-6.376568123E-1
2.370433333E0	7.983874491E-1	-6.629529393E-1
2.374755556E0	7.825589944E-1	-6.677100763E-1
2.379077778E0	7.925857121E-1	-6.761367641E-1
2.383400000E0	7.691379858E-1	-6.851090709E-1
2.387722222E0	7.690822301E-1	-7.027755316E-1
2.392044444E0	7.940396639E-1	-7.092200568E-1
2.396366667E0	7.953525534E-1	-7.141656313E-1
2.400588889E0	8.256552165E-1	-7.190275164E-1
2.404811111E0	8.421129673E-1	-7.172260761E-1
2.409222222E0	9.170595040E-1	-7.187567842E-1
2.413633333E0	9.260234014E-1	-7.216366065E-1
2.417866667E0	9.279020890E-1	-7.226571655E-1
2.422100000E0	9.268213801E-1	-7.248800975E-1
2.426500000E0	9.284547600E-1	-7.243270897E-1
2.430900000E0	9.256164055E-1	-7.257789163E-1
2.435133333E0	9.250855632E-1	-7.238185763E-1
2.439366667E0	9.231463634E-1	-7.234616355E-1
2.443766667E0	9.236924272E-1	-7.212295412E-1
2.448166667E0	9.229893672E-1	-7.208537911E-1
2.452400000E0	9.238326262E-1	-7.210905546E-1
2.456633333E0	9.246167702E-1	-7.197435454E-1
2.461044444E0	9.248938807E-1	-7.186272244E-1
2.465355556E0	9.255339227E-1	-7.175849330E-1
2.469666667E0	8.967159005E-1	-7.168643209E-1
2.482633333E0	9.230428629E-1	-7.170452304E-1
2.486944444E0	8.878140523E-1	-7.131653485E-1
2.491255556E0	8.876279267E-1	-7.126018135E-1
2.495566667E0	8.883721983E-1	-7.111542400E-1
2.499877778E0	8.850355080E-1	-7.093973817E-1
2.504188889E0	8.773697656E-1	-7.063988859E-1
2.508500000E0	8.774816817E-1	-7.017619272E-1
2.512811111E0	8.883202553E-1	-6.921169558E-1
2.517122222E0	8.729044702E-1	-6.719875359E-1
2.521433333E0	8.273987330E-1	-6.545012288E-1
2.525744444E0	8.454268110E-1	-6.355828186E-1
2.530055556E0	8.125134704E-1	-6.158171795E-1
2.534366667E0	8.348357137E-1	-5.988571260E-1
2.538677778E0	8.318039998E-1	-5.072801857E-1
2.542988889E0	8.318039998E-1	-4.787166899E-1
2.547300000E0	6.889865207E-1	-4.787166899E-1
2.551611111E0	1.151622323E0	-1.016443050E0
2.555922222E0	1.108084376E0	-9.901913791E-1
2.560233333E0	8.032405040E-1	-5.072801857E-1
2.564655556E0	1.153990640E0	-9.495336642E-1
2.568977778E0	1.123802957E0	-9.263444102E-1
2.573300000E0	1.126358092E0	-8.980501694E-1
2.577622222E0	1.151640245E0	-8.727832872E-1
2.581944444E0	1.205973277E0	-8.288532324E-1
2.586266667E0	1.116783243E0	-8.154747831E-1
2.590588889E0	1.117733586E0	-7.866296039E-1
2.594911111E0	6.318595290E-1	-2.502087232E-1
2.599233333E0	1.119153644E0	-7.292998713E-1
2.603555556E0	1.121450899E0	-7.067530179E-1
2.607877778E0	1.129875067E0	-6.774975559E-1
2.612200000E0	1.104358003E0	-6.542738757E-1
2.616522222E0	1.105883419E0	-6.388855785E-1
2.620844444E0	5.145301079E-1	1.564245837E-1
2.625166667E0	4.703458031E-1	1.596613107E-1
2.629488889E0	4.550105066E-1	1.613583796E-1
2.633811111E0	4.932625222E-1	1.909836009E-1
2.638133333E0	4.628778004E-1	2.139551062E-1
2.642455556E0	5.000322509E-1	2.624463337E-1
2.646777778E0	5.506036746E-1	3.003729580E-1
2.651100000E0	6.708405431E-1	3.488837776E-1
2.655422222E0	6.948355421E-1	3.742819330E-1
2.659644444E0	6.902135020E-1	4.015066823E-1
2.663866667E0	6.726000175E-1	4.480623260E-1
2.668277778E0	6.886655223E-1	4.760804599E-1
2.672688889E0	6.817650638E-1	5.004717965E-1
2.676922222E0	6.709356158E-1	5.313901800E-1
2.681155556E0	6.684877896E-1	5.534103975E-1
2.685555556E0	6.825130443E-1	5.629442411E-1
2.689955556E0	6.786764848E-1	5.754504205E-1
2.694188889E0	6.769690460E-1	5.978931013E-1
2.698422222E0	6.932478397E-1	6.148243887E-1
2.702822222E0	7.185205363E-1	6.218319021E-1
2.707222222E0	6.731881632E-1	6.582991150E-1
2.711455556E0	7.225939239E-1	6.709517989E-1
2.715688889E0	6.690053786E-1	7.107993008E-1
2.720100000E0	6.002445370E-1	7.264253164E-1
2.728733333E0	7.306957182E-1	7.663377302E-1
2.733044444E0	7.435593686E-1	7.796591104E-1
2.737355556E0	7.341426016E-1	7.995038878E-1
2.741666667E0	7.571975257E-1	8.161133071E-1
2.745977778E0	6.913856187E-1	8.186284274E-1
2.750288889E0	7.747686297E-1	8.279469446E-1
2.754600000E0	6.263678145E-1	8.601399754E-1
2.758911111E0	7.787577846E-1	8.740249495E-1
2.767588889E0	7.768545125E-1	9.185762640E-1
2.771911111E0	7.783476530E-1	9.228434929E-1
2.776233333E0	6.892373093E-1	9.230813887E-1
2.780555556E0	6.799994502E-1	9.287506571E-1
2.784877778E0	6.848289455E-1	9.399061983E-1
2.789200000E0	6.724672576E-1	9.423632816E-1
2.793522222E0	6.906872953E-1	9.520880196E-1
2.797844444E0	7.055256959E-1	9.543153231E-1
2.806455556E0	7.196469576E-1	9.633261966E-1
2.810766667E0	6.967618771E-1	9.660262869E-1
2.815077778E0	6.996343875E-1	9.658559308E-1
2.819388889E0	7.039959392E-1	9.672632214E-1
2.823700000E0	6.994255782E-1	9.706466994E-1
2.828011111E0	6.989131195E-1	9.707586690E-1
2.832322222E0	6.924083993E-1	9.757628652E-1
2.836633333E0	6.976473707E-1	9.807616204E-1
2.840944444E0	6.978883792E-1	9.809382695E-1
2.845255556E0	7.079699355E-1	9.781244806E-1
2.849566667E0	7.028748665E-1	9.779092929E-1
2.853877778E0	7.052573300E-1	9.743177514E-1
2.858188889E0	6.985649066E-1	9.669663078E-1
2.862500000E0	7.007803662E-1	9.642928379E-1
2.866811111E0	6.963706277E-1	9.655948556E-1
2.871122222E0	6.704311445E-1	9.557321909E-1
2.875433333E0	6.836908047E-1	9.548733523E-1
2.879744444E0	6.789281758E-1	9.514596534E-1
2.884055556E0	7.282689587E-1	9.399307834E-1
2.888477778E0	7.702934379E-1	9.349663938E-1
2.892800000E0	7.590676805E-1	9.329523221E-1
2.897122222E0	7.421325423E-1	9.295803245E-1
2.901444444E0	7.232617548E-1	9.189735729E-1
2.905766667E0	7.299057847E-1	9.102111136E-1
2.914388889E0	7.304749068E-1	8.733613860E-1
2.918700000E0	7.375417718E-1	8.702737654E-1
2.923011111E0	7.469875202E-1	8.673470043E-1
2.927322222E0	7.597274411E-1	8.578452819E-1
2.931633333E0	7.665746311E-1	8.506932583E-1
2.935944444E0	7.665818608E-1	8.533767587E-1
2.940255556E0	7.631207953E-1	8.502094085E-1
2.944566667E0	7.627731557E-1	8.487486343E-1
2.948877778E0	7.670508161E-1	8.323485040E-1
2.953188889E0	7.445402794E-1	8.203911324E-1
2.957500000E0	7.574856488E-1	8.068358073E-1
2.961811111E0	7.594422217E-1	7.997762639E-1
2.966122222E0	7.622212942E-1	7.795878936E-1
2.970433333E0	7.548328054E-1	7.628298419E-1
2.974744444E0	7.232882164E-1	7.292267225E-1
2.979055556E0	7.545099543E-1	7.067424660E-1
2.983366667E0	7.160730435E-1	6.722619641E-1
2.987788889E0	7.571009093E-1	6.578771115E-1
2.992100000E0	7.370984981E-1	6.308977237E-1
2.996411111E0	7.377257617E-1	6.142753606E-1
3.000722222E0	7.253699614E-1	6.042187526E-1
3.005033333E0	7.151311242E-1	5.780744022E-1
3.009344444E0	7.175454573E-1	5.554988267E-1
3.013655556E0	7.350701144E-1	5.450272585E-1
3.017966667E0	7.251589354E-1	5.088639928E-1
3.022277778E0	7.288594018E-1	4.934000966E-1
3.026588889E0	7.302402076E-1	4.655665722E-1
3.030900000E0	7.415370425E-1	4.489664199E-1
3.035211111E0	7.349159441E-1	4.196972864E-1
3.039522222E0	7.443238908E-1	4.042527219E-1
3.043833333E0	7.049862245E-1	3.749905919E-1
3.048144444E0	7.767754961E-1	3.554585870E-1
3.061188889E0	7.885437007E-1	2.825136670E-1
3.065511111E0	8.367498696E-1	2.644713395E-1
3.069833333E0	8.753969832E-1	2.579929522E-1
3.074155556E0	8.449098567E-1	2.510639749E-1
3.078477778E0	8.567373572E-1	2.476773858E-1
3.082800000E0	8.469863955E-1	2.391772252E-1
3.087122222E0	7.854935181E-1	2.259132209E-1
3.091444444E0	7.906111892E-1	2.154474903E-1
3.095766667E0	7.987398738E-1	2.081228805E-1
3.100088889E0	7.792398356E-1	2.026801171E-1
3.104411111E0	7.807121637E-1	1.927121983E-1
3.108733333E0	7.074761729E-1	1.606504252E-1
3.113055556E0	7.095827585E-1	1.559186783E-1
3.117377778E0	6.981146344E-1	1.467090986E-1
3.121700000E0	6.038551350E-1	1.118944688E-1
3.126022222E0	6.067554137E-1	1.084973651E-1
3.130344444E0	6.047284498E-1	1.066847495E-1
3.134666667E0	6.006599923E-1	1.045879080E-1
3.138988889E0	6.094802341E-1	1.022552820E-1
3.143311111E0	6.056102623E-1	1.011720044E-1
3.147633333E0	6.095476856E-1	1.005764130E-1
3.151955556E0	6.088976508E-1	9.950333299E-2
3.156177778E0	6.127499357E-1	9.815266658E-2
3.160400000E0	6.097172955E-1	9.766254379E-2
3.164811111E0	6.107463789E-1	9.748731822E-2
3.169222222E0	6.083808274E-1	9.633137215E-2
3.173455556E0	6.108981561E-1	9.640806469E-2
3.177688889E0	6.090820217E-1	9.761572767E-2
3.182088889E0	6.066376446E-1	9.809823586E-2
3.186488889E0	6.138188613E-1	9.589479992E-2
3.190722222E0	6.201612883E-1	9.784409948E-2
3.194955556E0	6.374992669E-1	9.795252294E-2
3.207988889E0	6.430021065E-1	9.383121769E-2
3.212311111E0	6.451883842E-1	9.385542796E-2
3.216633333E0	6.527463296E-1	9.450447061E-2
3.220955556E0	6.532803575E-1	9.280764073E-2
3.225277778E0	6.580480558E-1	9.088430660E-2
3.229600000E0	6.560594887E-1	9.106296954E-2
3.233922222E0	6.517809439E-1	9.210320616E-2
3.238244444E0	6.580938077E-1	9.062794262E-2
3.242566667E0	6.550800392E-1	9.061178319E-2
3.246888889E0	6.579168506E-1	8.958993154E-2
3.251211111E0	6.556345877E-1	9.015633072E-2
3.255533333E0	6.546498924E-1	9.109621499E-2
3.259855556E0	6.531539001E-1	9.269754322E-2
3.264177778E0	6.527722540E-1	9.144243492E-2
3.268500000E0	6.478862569E-1	8.988820022E-2
3.272822222E0	6.479849607E-1	9.240214807E-2
3.285711111E0	6.453566856E-1	9.040342331E-2
3.290033333E0	6.452035845E-1	9.177905149E-2
3.294355556E0	6.457449683E-1	9.085932373E-2
3.298677778E0	6.477405627E-1	9.312245588E-2
3.303000000E0	6.466497367E-1	9.625631715E-2
3.307322222E0	6.479768479E-1	9.913568577E-2
3.311644444E0	6.467030075E-1	1.004868724E-1
3.315966667E0	6.475214859E-1	1.034968842E-1
3.324577778E0	6.486025780E-1	1.055150873E-1
3.328888889E0	6.408248144E-1	1.076969716E-1
3.333200000E0	6.338422332E-1	1.085767055E-1
3.337511111E0	6.255819508E-1	1.120318066E-1
3.341822222E0	6.226720699E-1	1.126537058E-1
3.346133333E0	6.092377417E-1	1.087997524E-1
3.350444444E0	6.033372606E-1	1.099585329E-1
3.354755556E0	5.901373102E-1	1.105306214E-1
3.359066667E0	5.833234380E-1	1.132985360E-1
3.363377778E0	5.737858293E-1	1.138341093E-1
3.367688889E0	5.611330356E-1	1.084481080E-1
3.372000000E0	5.496836857E-1	1.098894755E-1
3.376311111E0	5.407498520E-1	1.109736509E-1
3.380622222E0	5.330058450E-1	1.113534692E-1
3.384933333E0	5.327776293E-1	1.124173605E-1
3.389244444E0	5.283918702E-1	1.120385863E-1
3.393555556E0	5.124221392E-1	1.068156904E-1
3.397977778E0	5.029856913E-1	1.080801889E-1
3.402288889E0	4.953420847E-1	1.101855996E-1
3.406600000E0	4.943234319E-1	1.100334173E-1
3.410911111E0	4.858755567E-1	1.112491163E-1
3.415222222E0	4.684232989E-1	1.196376969E-1
3.419533333E0	5.062354841E-1	1.399148595E-1
3.423844444E0	4.970653408E-1	1.566625393E-1
3.428155556E0	5.762015292E-1	2.485829493E-1
3.432466667E0	5.594394502E-1	2.505357495E-1
3.436777778E0	5.593507865E-1	2.659870638E-1
3.441088889E0	5.626501158E-1	2.838058587E-1
3.445400000E0	5.395486159E-1	2.990512780E-1
3.449711111E0	5.215384689E-1	3.037711677E-1
3.454022222E0	5.094824656E-1	3.040284820E-1
3.458333333E0	4.981759090E-1	3.087669856E-1
3.467055556E0	4.878084060E-1	3.155363857E-1
3.471377778E0	4.886476221E-1	3.209903960E-1
3.475700000E0	4.975509962E-1	3.412478163E-1
3.480022222E0	5.094464459E-1	3.859726449E-1
3.484344444E0	5.033630793E-1	4.147304120E-1
3.488666667E0	5.014115687E-1	4.271316301E-1
3.492988889E0	5.236624770E-1	4.667773874E-1
3.497311111E0	5.494173265E-1	4.961414675E-1
3.501633333E0	5.361216467E-1	5.121775349E-1
3.505955556E0	5.310290115E-1	5.264364910E-1
3.510277778E0	5.131891728E-1	5.248854706E-1
3.514600000E0	5.375100770E-1	5.580355913E-1
3.518922222E0	5.329595957E-1	5.698935176E-1
3.523244444E0	5.465450483E-1	5.938667047E-1
3.527566667E0	5.372223726E-1	6.014100931E-1
3.531888889E0	5.246207441E-1	6.092812590E-1
3.536211111E0	5.129863710E-1	6.084057311E-1
3.540533333E0	5.014737265E-1	6.129805930E-1
3.544855556E0	4.940305143E-1	6.159239515E-1
3.549177778E0	4.889822780E-1	6.191821607E-1
3.553500000E0	4.888978847E-1	6.237577707E-1
3.557822222E0	4.908341691E-1	6.369275047E-1
3.562144444E0	5.007673210E-1	6.406707357E-1
3.566366667E0	4.976629766E-1	6.461781907E-1
3.570588889E0	4.936772569E-1	6.507787963E-1
3.575000000E0	4.900929914E-1	6.564647700E-1
3.579411111E0	4.890969258E-1	6.584426896E-1
3.583644444E0	4.885881423E-1	6.635573036E-1
3.587877778E0	4.852751421E-1	6.668683684E-1
3.592277778E0	4.858134477E-1	6.697393218E-1
3.596677778E0	4.858946712E-1	6.768034833E-1
3.600911111E0	4.860206041E-1	6.785063990E-1
3.609544444E0	5.047068404E-1	6.944543636E-1
3.613866667E0	5.012493198E-1	6.971717155E-1
3.618188889E0	4.955244419E-1	7.060309348E-1
3.622511111E0	4.952349597E-1	7.068402534E-1
3.626833333E0	4.942906807E-1	7.093046396E-1
3.631155556E0	4.947205292E-1	7.106672953E-1
3.635477778E0	4.946855795E-1	7.120054652E-1
3.639800000E0	4.940925292E-1	7.114782113E-1
3.648411111E0	4.931175010E-1	7.104891197E-1
3.652722222E0	4.978323008E-1	7.053341966E-1
3.657033333E0	4.997972233E-1	7.049362470E-1
3.661344444E0	4.982206593E-1	6.968321913E-1
3.665655556E0	4.985585975E-1	6.933628078E-1
3.669966667E0	4.792379309E-1	6.832839356E-1
3.674277778E0	4.830497998E-1	6.782169537E-1
3.678588889E0	4.859006594E-1	6.690740043E-1
3.682900000E0	4.885863197E-1	6.636664001E-1
3.687211111E0	4.902002171E-1	6.605431292E-1
3.691522222E0	4.917291978E-1	6.555529903E-1
3.695833333E0	4.971604855E-1	6.494265224E-1
3.700144444E0	5.046438369E-1	6.416183075E-1
3.704455556E0	4.835105276E-1	6.235769580E-1
3.708766667E0	4.902001419E-1	6.134874231E-1
3.713077778E0	4.947523739E-1	6.084213157E-1
3.717388889E0	4.952872685E-1	6.081008588E-1
3.721700000E0	5.035847827E-1	6.016011836E-1
3.726011111E0	5.113652961E-1	5.907179110E-1
3.730433333E0	5.108926421E-1	5.978960043E-1
3.734755556E0	4.971717410E-1	5.786752654E-1
3.739077778E0	4.997337398E-1	5.714566709E-1
3.743400000E0	5.039440924E-1	5.654647604E-1
3.747722222E0	5.047132437E-1	5.616846962E-1
3.752044444E0	5.250949996E-1	5.615391602E-1
3.756366667E0	5.519400315E-1	5.593018098E-1
3.760688889E0	5.622949428E-1	5.549859132E-1
3.765011111E0	5.907573092E-1	5.551362319E-1
3.769333333E0	5.836365830E-1	5.527081307E-1
3.773655556E0	5.966747417E-1	5.420827804E-1
3.777977778E0	6.064499077E-1	5.235950382E-1
3.782300000E0	6.218743039E-1	5.103410294E-1
3.786622222E0	6.249113903E-1	5.032262073E-1
3.790944444E0	6.087593925E-1	4.939627198E-1
3.795266667E0	6.193285043E-1	4.698663261E-1
3.799588889E0	6.241646915E-1	4.588821925E-1
3.803911111E0	6.282264842E-1	4.517940396E-1
3.808233333E0	6.279308091E-1	4.326299095E-1
3.812555556E0	6.316551325E-1	4.096800235E-1
3.816877778E0	6.405343617E-1	4.040161139E-1
3.821200000E0	6.595524598E-1	3.906083675E-1
3.825422222E0	5.923865426E-1	3.646104017E-1
3.829644444E0	6.300716966E-1	3.573236175E-1
3.834055556E0	6.392364854E-1	3.522409759E-1
3.838466667E0	6.560275899E-1	3.409399019E-1
3.842700000E0	7.840942290E-1	3.154714014E-1
3.846933333E0	7.175500165E-1	6.398973092E-2
3.851333333E0	6.730734659E-1	2.243578220E-1
3.855733333E0	6.730734659E-1	1.282044697E-1
3.859966667E0	6.249967898E-1	1.442300284E-1
3.864200000E0	7.211501420E-1	9.615335227E-2
3.868600000E0	7.211501420E-1	4.807667614E-2
3.873000000E0	6.890990246E-1	-1.602555871E-2
3.877233333E0	7.211501420E-1	1.602555871E-2
3.881466667E0	7.532012595E-1	-1.282044697E-1
3.885877778E0	7.692268182E-1	-8.012779356E-2
3.890188889E0	7.692268182E-1	-6.410223485E-2
3.894500000E0	7.692268182E-1	-4.807667614E-2
3.898811111E0	7.692268182E-1	-6.410223485E-2
3.903122222E0	7.692268182E-1	-8.012779356E-2
3.907433333E0	7.852523769E-1	-1.282044697E-1
3.911744444E0	7.852523769E-1	-1.602555871E-1
3.916055556E0	8.012779356E-1	-1.923067045E-1
3.920366667E0	8.012779356E-1	-1.923067045E-1
3.933366667E0	8.173034943E-1	-2.564089394E-1
3.937688889E0	8.333290530E-1	-1.923067045E-1
3.942011111E0	8.173034943E-1	-2.884600568E-1
3.946333333E0	7.852523769E-1	-2.884600568E-1
3.950655556E0	8.012779356E-1	-3.044856155E-1
3.954977778E0	8.012779356E-1	-2.564089394E-1
3.959300000E0	8.173034943E-1	-2.083322633E-1
3.963622222E0	8.493546117E-1	-2.083322633E-1
3.967944444E0	8.653801704E-1	-2.724344981E-1
3.972266667E0	8.814057291E-1	-2.564089394E-1
3.976588889E0	8.974312879E-1	-2.403833807E-1
3.980911111E0	8.653801704E-1	-2.724344981E-1
3.985233333E0	8.653801704E-1	-3.205111742E-1
3.989555556E0	8.814057291E-1	-2.724344981E-1
3.993877778E0	9.134568466E-1	-2.884600568E-1
3.998200000E0	8.493546117E-1	-3.044856155E-1
4.006766667E0	8.173034943E-1	-2.884600568E-1
4.011088889E0	8.333290530E-1	-3.365367329E-1
4.015411111E0	8.173034943E-1	-3.044856155E-1
4.019733333E0	8.012779356E-1	-3.846134091E-1
4.024055556E0	7.852523769E-1	-3.685878504E-1
4.028377778E0	8.173034943E-1	-4.487156439E-1
4.032700000E0	8.333290530E-1	-4.006389678E-1
4.037022222E0	8.333290530E-1	-4.166645265E-1
4.045633333E0	8.333290530E-1	-4.166645265E-1
4.049944444E0	8.493546117E-1	-3.365367329E-1
4.054255556E0	8.493546117E-1	-2.724344981E-1
4.058566667E0	8.653801704E-1	-2.884600568E-1
4.062877778E0	8.653801704E-1	-2.884600568E-1
4.067188889E0	8.653801704E-1	-3.205111742E-1
4.071500000E0	8.814057291E-1	-3.044856155E-1
4.075811111E0	8.814057291E-1	-2.884600568E-1
4.080122222E0	9.134568466E-1	-3.525622917E-1
4.084433333E0	9.134568466E-1	-3.525622917E-1
4.088744444E0	8.974312879E-1	-1.923067045E-1
4.093055556E0	8.974312879E-1	-1.442300284E-1
4.097366667E0	8.974312879E-1	-1.121789110E-1
4.101677778E0	8.974312879E-1	-6.410223485E-2
4.105988889E0	8.814057291E-1	-6.410223485E-2
4.110300000E0	8.653801704E-1	-1.602555871E-1
4.114611111E0	8.653801704E-1	-1.282044697E-1
4.118922222E0	8.653801704E-1	-1.121789110E-1
4.123344444E0	8.653801704E-1	-8.012779356E-2
4.127655556E0	8.653801704E-1	-4.807667614E-2
4.131966667E0	8.653801704E-1	0.000000000E0
4.136277778E0	8.653801704E-1	0.000000000E0
4.140588889E0	8.814057291E-1	3.205111742E-2
4.144900000E0	8.814057291E-1	3.205111742E-2
4.149211111E0	8.814057291E-1	6.410223485E-2
4.153522222E0	8.814057291E-1	6.410223485E-2
4.157833333E0	8.814057291E-1	8.012779356E-2
4.162144444E0	8.814057291E-1	1.121789110E-1
4.166455556E0	8.814057291E-1	1.282044697E-1
4.170766667E0	8.814057291E-1	1.282044697E-1
4.175077778E0	8.814057291E-1	1.442300284E-1
4.179388889E0	8.814057291E-1	1.762811458E-1
4.196744444E0	8.814057291E-1	1.762811458E-1
4.201055556E0	8.814057291E-1	1.762811458E-1
4.205366667E0	8.653801704E-1	1.602555871E-1
4.209677778E0	8.653801704E-1	1.762811458E-1
4.213988889E0	8.653801704E-1	2.243578220E-1
4.218300000E0	8.653801704E-1	2.564089394E-1
4.222611111E0	8.653801704E-1	2.884600568E-1
4.226922222E0	8.653801704E-1	3.044856155E-1
4.231233333E0	8.814057291E-1	3.685878504E-1
4.235544444E0	8.814057291E-1	3.846134091E-1
4.239855556E0	8.173034943E-1	1.282044697E-1
4.244166667E0	8.333290530E-1	2.564089394E-1
4.248477778E0	8.333290530E-1	2.724344981E-1
4.252788889E0	8.493546117E-1	3.205111742E-1
4.257100000E0	8.493546117E-1	3.846134091E-1
4.261411111E0	8.493546117E-1	3.846134091E-1
4.265722222E0	8.493546117E-1	3.846134091E-1
4.270033333E0	8.653801704E-1	4.166645265E-1
4.274455556E0	8.653801704E-1	4.166645265E-1
4.278766667E0	8.653801704E-1	4.166645265E-1
4.283077778E0	7.532012595E-1	3.205111742E-1
4.287388889E0	7.532012595E-1	3.205111742E-1
4.291700000E0	7.532012595E-1	3.205111742E-1
4.296011111E0	7.371757007E-1	3.044856155E-1
4.308988889E0	7.211501420E-1	2.403833807E-1
4.313311111E0	6.890990246E-1	2.403833807E-1
4.317633333E0	6.730734659E-1	3.525622917E-1
4.321955556E0	6.730734659E-1	3.525622917E-1
4.326277778E0	6.730734659E-1	4.006389678E-1
4.330600000E0	6.730734659E-1	4.647412026E-1
4.334922222E0	6.730734659E-1	5.288434375E-1
4.339244444E0	6.890990246E-1	5.448689962E-1
4.347855556E0	6.890990246E-1	5.608945549E-1
4.352166667E0	7.051245833E-1	5.929456723E-1
4.356477778E0	7.211501420E-1	6.410223485E-1
4.360788889E0	7.211501420E-1	6.410223485E-1
4.365100000E0	7.211501420E-1	6.410223485E-1
4.369411111E0	7.211501420E-1	6.410223485E-1
4.373722222E0	7.211501420E-1	6.410223485E-1
4.378033333E0	7.211501420E-1	5.608945549E-1
4.386711111E0	7.211501420E-1	5.288434375E-1
4.391033333E0	6.570479072E-1	2.083322633E-1
4.395355556E0	6.410223485E-1	2.083322633E-1
4.399677778E0	6.410223485E-1	2.083322633E-1
4.404000000E0	6.570479072E-1	2.564089394E-1
4.408322222E0	6.570479072E-1	2.724344981E-1
4.412644444E0	6.730734659E-1	2.724344981E-1
4.416966667E0	6.890990246E-1	2.564089394E-1
4.421288889E0	6.890990246E-1	2.564089394E-1
4.425611111E0	6.890990246E-1	2.564089394E-1
4.429933333E0	6.890990246E-1	2.243578220E-1
4.434255556E0	6.890990246E-1	1.923067045E-1
4.438577778E0	6.890990246E-1	1.442300284E-1
4.442900000E0	6.570479072E-1	1.282044697E-1
