mass_A
t	x	y
0.000000000E0	9.897817460E-1	-1.159619296E1
4.311111111E-3	9.896957307E-1	-1.159266870E1
8.622222222E-3	9.901982211E-1	-1.158949079E1
1.293333333E-2	9.934191196E-1	-1.156552429E1
1.724444444E-2	9.947831278E-1	-1.155800584E1
2.155555556E-2	9.942627414E-1	-1.155016943E1
2.586666667E-2	9.956387011E-1	-1.154341066E1
3.028888889E-2	9.955582381E-1	-1.153479003E1
3.460000000E-2	9.983674784E-1	-1.151944953E1
3.891111111E-2	9.985196509E-1	-1.150841964E1
4.322222222E-2	9.984358376E-1	-1.150439007E1
4.753333333E-2	9.970194193E-1	-1.149761617E1
5.184444444E-2	1.001378304E0	-1.147619238E1
5.615555556E-2	9.977129754E-1	-1.146480477E1
6.046666667E-2	9.960975864E-1	-1.145874571E1
6.477777778E-2	9.952622409E-1	-1.144559997E1
6.908888889E-2	1.001884713E0	-1.142659966E1
7.340000000E-2	9.970117775E-1	-1.141945781E1
7.771111111E-2	9.934003582E-1	-1.141119358E1
8.202222222E-2	9.921533903E-1	-1.140032979E1
8.633333333E-2	9.933344970E-1	-1.137951711E1
9.064444444E-2	9.879345378E-1	-1.136817487E1
9.495555556E-2	9.869587199E-1	-1.135756162E1
9.926666667E-2	9.876734984E-1	-1.133933680E1
1.035777778E-1	9.852454286E-1	-1.132958180E1
1.078888889E-1	9.830208496E-1	-1.132336708E1
1.122000000E-1	9.733947159E-1	-1.131797321E1
1.166222222E-1	9.725742860E-1	-1.130432698E1
1.209333333E-1	9.649608954E-1	-1.129216329E1
1.252444444E-1	9.606242652E-1	-1.128186643E1
1.295555556E-1	9.570440534E-1	-1.127716970E1
1.338666667E-1	9.505645749E-1	-1.126956960E1
1.381777778E-1	9.513324587E-1	-1.125822257E1
1.424888889E-1	9.506298661E-1	-1.124140045E1
1.468000000E-1	9.489150263E-1	-1.123625324E1
1.511111111E-1	9.489132158E-1	-1.123006446E1
1.554222222E-1	9.477863274E-1	-1.122393773E1
1.597333333E-1	9.477320193E-1	-1.120029690E1
1.640444444E-1	9.464782559E-1	-1.119118694E1
1.683555556E-1	9.456830676E-1	-1.117648359E1
1.726666667E-1	9.497137581E-1	-1.115702661E1
1.769777778E-1	9.491240397E-1	-1.114646174E1
1.812888889E-1	9.502385554E-1	-1.112659124E1
1.856000000E-1	9.514771604E-1	-1.109831981E1
1.899111111E-1	9.541768827E-1	-1.106937215E1
1.943333333E-1	9.499375493E-1	-1.105572042E1
1.986444444E-1	9.537218004E-1	-1.101890694E1
2.029555556E-1	9.468070755E-1	-1.099087309E1
2.072666667E-1	9.472501477E-1	-1.096077871E1
2.115777778E-1	9.431700565E-1	-1.091522482E1
2.158888889E-1	9.371120410E-1	-1.087236203E1
2.202000000E-1	9.323188456E-1	-1.081192918E1
2.245111111E-1	9.237431456E-1	-1.074374740E1
2.288222222E-1	9.158756586E-1	-1.068111915E1
2.331333333E-1	9.164256438E-1	-1.060319712E1
2.374444444E-1	9.129549272E-1	-1.051579299E1
2.417555556E-1	9.080555131E-1	-1.042362909E1
2.460666667E-1	9.142777434E-1	-1.033594537E1
2.503777778E-1	9.242788361E-1	-1.023836858E1
2.546888889E-1	9.331159193E-1	-1.013743117E1
2.590000000E-1	9.542879284E-1	-1.003743495E1
2.633111111E-1	9.634964552E-1	-9.927214220E0
2.676222222E-1	9.875494315E-1	-9.802453452E0
2.719333333E-1	9.898878319E-1	-9.688096724E0
2.762444444E-1	1.002269704E0	-9.542849283E0
2.806666667E-1	9.998618812E-1	-9.372012750E0
2.849777778E-1	9.986577640E-1	-9.165598389E0
2.892888889E-1	9.926467587E-1	-8.929440856E0
2.936000000E-1	9.836731939E-1	-8.649753561E0
2.979111111E-1	9.608934200E-1	-8.365097366E0
3.022222222E-1	9.153331912E-1	-8.079372181E0
3.065333333E-1	9.081794717E-1	-7.747788807E0
3.108444444E-1	8.656484857E-1	-7.430289953E0
3.151555556E-1	8.186592706E-1	-7.104818503E0
3.194666667E-1	7.994022080E-1	-6.783994064E0
3.237777778E-1	7.768728931E-1	-6.484977342E0
3.280888889E-1	7.395136517E-1	-6.197365920E0
3.324000000E-1	7.326019929E-1	-5.902391544E0
3.367111111E-1	7.170231576E-1	-5.606164178E0
3.410222222E-1	6.852755945E-1	-5.338449718E0
3.453333333E-1	6.611849603E-1	-5.060513657E0
3.496444444E-1	6.369297039E-1	-4.801974019E0
3.539555556E-1	6.273433788E-1	-4.524857114E0
3.582666667E-1	6.011760008E-1	-4.257824529E0
3.625777778E-1	5.892989088E-1	-3.986559111E0
3.670000000E-1	5.533812710E-1	-3.704318445E0
3.713111111E-1	5.402385289E-1	-3.432769309E0
3.756222222E-1	5.111354300E-1	-3.187672104E0
3.799333333E-1	5.018905599E-1	-2.895444268E0
3.842444444E-1	4.789141673E-1	-2.641602489E0
3.885555556E-1	4.528409178E-1	-2.376725325E0
3.928666667E-1	4.295152107E-1	-2.113084077E0
3.971777778E-1	3.978383635E-1	-1.861188849E0
4.014888889E-1	3.833604747E-1	-1.594794210E0
4.058000000E-1	3.766393684E-1	-1.345140381E0
4.101111111E-1	3.569365902E-1	-1.092901880E0
4.144222222E-1	3.619234106E-1	-8.459250220E-1
4.187333333E-1	3.558455090E-1	-6.168816749E-1
4.230444444E-1	6.653502626E-1	-5.698364852E-1
4.273555556E-1	4.483744407E-1	-4.570553158E-1
4.316666667E-1	5.459613746E-1	-3.372854152E-1
4.359777778E-1	3.976906663E-1	3.615485102E-1
4.402888889E-1	4.180476570E-1	5.402003706E-1
4.446000000E-1	4.121522100E-1	6.824072799E-1
4.489111111E-1	4.474537025E-1	9.362700621E-1
4.532222222E-1	4.534774121E-1	1.160670635E0
4.575333333E-1	4.466933215E-1	1.373915866E0
4.619555556E-1	4.812359095E-1	1.605982487E0
4.662666667E-1	5.102311227E-1	1.801631079E0
4.705777778E-1	5.441914067E-1	2.038439689E0
4.748888889E-1	5.594756540E-1	2.242376276E0
4.792000000E-1	5.873839380E-1	2.471096395E0
4.835111111E-1	6.351512907E-1	2.689063119E0
4.878222222E-1	6.914065849E-1	2.904819970E0
4.921333333E-1	6.408665290E-1	3.120950995E0
4.964444444E-1	6.371035481E-1	3.335205150E0
5.007555556E-1	6.484453586E-1	3.547872763E0
5.050666667E-1	7.873348555E-1	3.641470401E0
5.093777778E-1	8.246769159E-1	3.756290449E0
5.136888889E-1	8.015466538E-1	3.844314781E0
5.180000000E-1	6.921535316E-1	4.059126173E0
5.223111111E-1	6.796968606E-1	4.760084966E0
5.266222222E-1	6.407669845E-1	4.823196813E0
5.309333333E-1	6.280548244E-1	4.951111271E0
5.352444444E-1	5.942734636E-1	5.022183846E0
5.395555556E-1	5.869391647E-1	5.128492465E0
5.438666667E-1	5.831031205E-1	5.218397125E0
5.482888889E-1	5.573725645E-1	5.282287924E0
5.526000000E-1	5.559386568E-1	5.349159507E0
5.569111111E-1	5.459401224E-1	5.413583222E0
5.612222222E-1	5.317095943E-1	5.463104390E0
5.655333333E-1	5.276830666E-1	5.505643292E0
5.698444444E-1	5.108107398E-1	5.534522075E0
5.741555556E-1	4.971656777E-1	5.573440405E0
5.784666667E-1	4.573684835E-1	5.583677705E0
5.827777778E-1	4.431024607E-1	5.620254836E0
5.870888889E-1	3.970822260E-1	5.635935526E0
5.914000000E-1	3.757244605E-1	5.658993046E0
5.957111111E-1	3.496876290E-1	5.687230942E0
6.000222222E-1	3.449085166E-1	5.715139541E0
6.043333333E-1	3.439134868E-1	5.733627373E0
6.086444444E-1	3.455308236E-1	5.745525060E0
6.129555556E-1	3.521065920E-1	5.742558970E0
6.172666667E-1	3.586782340E-1	5.733352252E0
6.215777778E-1	4.811655624E-1	5.507302701E0
6.258888889E-1	4.870177314E-1	5.486872943E0
6.302000000E-1	4.792596562E-1	5.461854117E0
6.346222222E-1	3.585360973E-1	5.628964194E0
6.389333333E-1	3.547124771E-1	5.598123554E0
6.432444444E-1	3.722114305E-1	5.568545729E0
6.475555556E-1	3.863443055E-1	5.548151018E0
6.518666667E-1	4.154402985E-1	5.503125019E0
6.561777778E-1	4.571230651E-1	5.484529546E0
6.604888889E-1	4.923968284E-1	5.457422994E0
6.648000000E-1	5.356297092E-1	5.437065551E0
6.691111111E-1	5.518277155E-1	5.407026990E0
6.734222222E-1	5.561513503E-1	5.377304758E0
6.777333333E-1	6.061016962E-1	5.359861100E0
6.820444444E-1	7.471731568E-1	5.150456244E0
6.863555556E-1	6.255906239E-1	5.337385613E0
6.906666667E-1	6.297433230E-1	5.314991136E0
6.949777778E-1	7.716969830E-1	5.104882120E0
6.992888889E-1	7.729733592E-1	5.091584113E0
7.036000000E-1	7.921626510E-1	5.054990402E0
7.079111111E-1	7.877945637E-1	5.036465724E0
7.122222222E-1	7.940911380E-1	5.022133382E0
7.165333333E-1	6.437026377E-1	5.147829610E0
7.209555556E-1	6.302985164E-1	5.066933007E0
7.252666667E-1	6.423823972E-1	5.017698389E0
7.295777778E-1	7.570552269E-1	4.990270636E0
7.338888889E-1	7.894883119E-1	4.957568332E0
7.382000000E-1	8.008589974E-1	4.921641678E0
7.425111111E-1	8.106982209E-1	4.797293645E0
7.468222222E-1	8.202232573E-1	4.773755213E0
7.511333333E-1	7.932886772E-1	4.054493864E0
7.554444444E-1	7.917487086E-1	3.925157141E0
7.597555556E-1	7.953159915E-1	3.795979536E0
7.640666667E-1	7.966803068E-1	3.712971057E0
7.683777778E-1	7.678558220E-1	3.633991441E0
7.726888889E-1	7.787328605E-1	3.468080030E0
7.770000000E-1	7.726269558E-1	3.321235145E0
7.813111111E-1	7.713990950E-1	3.171521117E0
7.856222222E-1	7.617229858E-1	3.005813393E0
7.899333333E-1	7.549464331E-1	2.842062559E0
7.942444444E-1	7.510889652E-1	2.668605811E0
7.985555556E-1	7.414291805E-1	2.493474996E0
8.028666667E-1	7.266747703E-1	2.317571867E0
8.072888889E-1	7.235399623E-1	2.131928517E0
8.116000000E-1	7.133919895E-1	1.947134505E0
8.159111111E-1	7.064307909E-1	1.764846611E0
8.202222222E-1	5.508748725E-1	1.764096540E0
8.245333333E-1	5.495497600E-1	1.582378675E0
8.288444444E-1	5.554605953E-1	1.394145424E0
8.331555556E-1	5.576141549E-1	1.207065630E0
8.374666667E-1	5.475112579E-1	1.017501699E0
8.417777778E-1	5.496030895E-1	8.226798217E-1
8.460888889E-1	5.445437279E-1	6.178299695E-1
8.504000000E-1	5.921514509E-1	4.871271154E-1
8.547111111E-1	5.994957245E-1	3.399275446E-1
8.590222222E-1	8.022550555E-1	-2.062323774E-1
8.633333333E-1	7.965069756E-1	-4.306533021E-1
8.676444444E-1	7.973581727E-1	-5.398165893E-1
8.719555556E-1	7.043194072E-1	-6.286263762E-1
8.762666667E-1	1.061994000E0	-7.321411551E-1
8.805777778E-1	5.822250366E-1	-7.101178160E-1
8.848888889E-1	5.760194764E-1	-8.276986762E-1
8.892000000E-1	5.961931328E-1	-9.545639046E-1
8.936222222E-1	5.840239307E-1	-1.075137931E0
8.979333333E-1	5.845499960E-1	-1.203698998E0
9.022444444E-1	5.963158547E-1	-1.325419450E0
9.065555556E-1	6.134391398E-1	-1.428483292E0
9.108666667E-1	6.274866299E-1	-1.547701441E0
9.151777778E-1	6.371386982E-1	-1.651521367E0
9.194888889E-1	6.370961770E-1	-1.755272868E0
9.238000000E-1	6.347976044E-1	-1.853735724E0
9.281111111E-1	6.263991239E-1	-1.958565251E0
9.324222222E-1	6.330628026E-1	-2.071610268E0
9.367333333E-1	6.296610368E-1	-2.184914855E0
9.410444444E-1	6.371787308E-1	-2.304352576E0
9.453555556E-1	6.452052350E-1	-2.417740502E0
9.496666667E-1	9.258318243E-1	-2.822359224E0
9.539777778E-1	9.252658814E-1	-2.949231655E0
9.582888889E-1	9.570757378E-1	-3.052466868E0
9.626000000E-1	9.285216195E-1	-3.175923065E0
9.669111111E-1	9.791580875E-1	-3.273577003E0
9.713333333E-1	9.262575655E-1	-3.394484830E0
9.756444444E-1	9.779251392E-1	-3.490390271E0
9.799555556E-1	6.220189528E-1	-3.276854990E0
9.842666667E-1	6.064884362E-1	-3.371313717E0
9.885777778E-1	9.930224203E-1	-3.754907493E0
9.928888889E-1	1.111367267E0	-3.710983878E0
9.972000000E-1	1.076378273E0	-3.844830870E0
1.001511111E0	1.114861213E0	-3.849502377E0
1.005822222E0	1.109810169E0	-3.884069377E0
1.010133333E0	1.093360486E0	-3.961091598E0
1.014444444E0	6.327548808E-1	-3.673029252E0
1.018755556E0	6.325767771E-1	-3.677999036E0
1.023066667E0	6.314533829E-1	-3.668531305E0
1.027377778E0	6.323815831E-1	-3.663250367E0
1.031688889E0	6.339238122E-1	-3.650270563E0
1.036000000E0	6.358541817E-1	-3.617985729E0
1.040311111E0	6.423684911E-1	-3.604316077E0
1.044622222E0	6.358432698E-1	-3.620202110E0
1.048933333E0	6.554509036E-1	-3.591482183E0
1.053244444E0	6.547004792E-1	-3.542392818E0
1.057666667E0	1.030015097E0	-3.806131694E0
1.061977778E0	1.096840987E0	-3.739987399E0
1.066288889E0	6.402590348E-1	-3.372833483E0
1.070600000E0	1.078458129E0	-3.584530809E0
1.074911111E0	1.065248634E0	-3.495886089E0
1.079222222E0	1.049687918E0	-3.413455644E0
1.083533333E0	9.979038908E-1	-3.313331251E0
1.087844444E0	6.782606133E-1	-2.900600200E0
1.092155556E0	6.736367969E-1	-2.797231663E0
1.096466667E0	6.516941890E-1	-2.700897726E0
1.100777778E0	6.463071451E-1	-2.594209841E0
1.105088889E0	6.414285299E-1	-2.465679469E0
1.109400000E0	9.564843621E-1	-2.645721495E0
1.113711111E0	9.299997732E-1	-2.549906739E0
1.118022222E0	9.771265619E-1	-2.424465215E0
1.122333333E0	9.958804973E-1	-2.322894363E0
1.126644444E0	9.965521114E-1	-2.238213749E0
1.130955556E0	9.756514749E-1	-2.135688406E0
1.135266667E0	9.803312094E-1	-2.047548101E0
1.139577778E0	9.392855093E-1	-1.960672737E0
1.144000000E0	9.741442544E-1	-1.861722697E0
1.148311111E0	9.182362028E-1	-1.780480296E0
1.152622222E0	9.721457123E-1	-1.684293781E0
1.156933333E0	9.886808683E-1	-1.576400950E0
1.161244444E0	9.737914475E-1	-1.484519078E0
1.165555556E0	9.679356328E-1	-1.387231911E0
1.169866667E0	9.301823010E-1	-1.291242848E0
1.174177778E0	6.300358700E-1	-9.140699593E-1
1.178488889E0	6.348132635E-1	-8.079926844E-1
1.182800000E0	6.330172749E-1	-7.128484394E-1
1.187111111E0	1.000826658E0	-8.395046832E-1
1.191422222E0	1.113499903E0	-6.648243750E-1
1.195733333E0	1.107260949E0	-5.332905544E-1
1.200044444E0	8.681023082E-1	-5.246202480E-1
1.204355556E0	8.473374271E-1	-4.415490254E-1
1.208666667E0	8.476587082E-1	-3.597436395E-1
1.212977778E0	8.806619974E-1	-3.001652670E-1
1.217288889E0	5.826831012E-1	2.437746740E-1
1.221600000E0	5.845309827E-1	3.774740521E-1
1.225911111E0	5.932170118E-1	4.883078247E-1
1.230222222E0	5.935661595E-1	6.184230256E-1
1.234533333E0	7.383617300E-1	6.387801082E-1
1.238955556E0	7.580611816E-1	7.049035336E-1
1.243266667E0	5.985854962E-1	1.062151488E0
1.247577778E0	5.869825068E-1	1.208254276E0
1.251888889E0	5.978735462E-1	1.330245528E0
1.256200000E0	5.878253062E-1	1.444121986E0
1.260511111E0	5.606678673E-1	1.542923139E0
1.264822222E0	5.457541814E-1	1.635028092E0
1.269133333E0	5.265586372E-1	1.724082979E0
1.273444444E0	5.413390383E-1	1.800850738E0
1.277755556E0	5.508978531E-1	1.883447886E0
1.282066667E0	5.467173607E-1	1.946315517E0
1.286377778E0	5.470417252E-1	1.996708853E0
1.290688889E0	5.392809271E-1	2.048451229E0
1.295000000E0	5.513715622E-1	2.106638710E0
1.299311111E0	7.324162235E-1	1.988383673E0
1.303622222E0	5.560650366E-1	2.199109732E0
1.307933333E0	5.584651216E-1	2.241299517E0
1.312244444E0	5.556411549E-1	2.287195410E0
1.316555556E0	7.194806837E-1	2.175128235E0
1.320866667E0	7.176223984E-1	2.222024952E0
1.325288889E0	7.119296724E-1	2.268719844E0
1.329600000E0	5.591490284E-1	2.467135062E0
1.333911111E0	7.202141090E-1	2.363419595E0
1.338222222E0	7.146934676E-1	2.406473949E0
1.342533333E0	7.217150487E-1	2.448833422E0
1.346844444E0	5.534980040E-1	2.646206005E0
1.351155556E0	7.115190474E-1	2.524235079E0
1.355466667E0	7.036817532E-1	2.550849039E0
1.359777778E0	7.080252261E-1	2.588584749E0
1.364088889E0	6.997665602E-1	2.621963818E0
1.368400000E0	5.265784733E-1	2.800344061E0
1.372711111E0	5.248646895E-1	2.834827012E0
1.377022222E0	5.221934935E-1	2.854213716E0
1.381333333E0	6.625299907E-1	2.714768099E0
1.385644444E0	6.639979943E-1	2.722627242E0
1.389955556E0	6.596507328E-1	2.744035203E0
1.394266667E0	5.129406251E-1	2.922897066E0
1.398577778E0	5.068794271E-1	2.931545079E0
1.402888889E0	5.019036120E-1	2.941301528E0
1.407200000E0	5.032019160E-1	2.954966083E0
1.411622222E0	5.038135201E-1	2.959353313E0
1.415933333E0	5.007813223E-1	2.961930494E0
1.420244444E0	4.994169325E-1	2.966226518E0
1.424555556E0	4.990895211E-1	2.966200569E0
1.428866667E0	4.962236948E-1	2.966661212E0
1.433177778E0	4.732216198E-1	2.952458351E0
1.437488889E0	4.819424508E-1	2.930089865E0
1.441800000E0	4.668551782E-1	2.894084184E0
1.446111111E0	6.742551302E-1	2.795436866E0
1.450422222E0	4.709833317E-1	2.836926327E0
1.454733333E0	6.710443488E-1	2.759573918E0
1.459044444E0	4.803010236E-1	2.758319836E0
1.463355556E0	4.692160440E-1	2.708075026E0
1.467666667E0	4.645544752E-1	2.666687844E0
1.471977778E0	4.760046288E-1	2.632012741E0
1.476288889E0	4.674443082E-1	2.568458404E0
1.480600000E0	4.810770279E-1	2.523855213E0
1.484911111E0	4.474196877E-1	2.455809819E0
1.489222222E0	4.506336424E-1	2.393506677E0
1.493533333E0	4.564646474E-1	2.335303604E0
1.497955556E0	4.180972532E-1	2.261802665E0
1.502266667E0	4.169506169E-1	2.209325220E0
1.506577778E0	4.353032412E-1	2.165407920E0
1.510888889E0	5.083489933E-1	1.948796012E0
1.515200000E0	5.048442875E-1	1.891483209E0
1.519511111E0	4.164726511E-1	1.985985784E0
1.523822222E0	5.107904057E-1	1.771575788E0
1.528133333E0	5.082706222E-1	1.714038879E0
1.532444444E0	5.307549823E-1	1.640193448E0
1.536755556E0	4.140947538E-1	1.703091470E0
1.541066667E0	5.533717650E-1	1.510979210E0
1.545377778E0	5.314775532E-1	1.441198163E0
1.549688889E0	4.124121825E-1	1.492724194E0
1.554000000E0	4.507151012E-1	1.446214626E0
1.558311111E0	5.192978755E-1	1.406309574E0
1.562622222E0	4.650771058E-1	1.310623671E0
1.566933333E0	5.084730560E-1	1.262505522E0
1.571244444E0	4.888540864E-1	1.185107690E0
1.575555556E0	4.723290796E-1	1.086716768E0
1.579866667E0	4.646673167E-1	9.989796170E-1
1.584288889E0	4.649953515E-1	9.127388910E-1
1.588600000E0	4.542886335E-1	8.290600479E-1
1.592911111E0	4.514749587E-1	7.373416312E-1
1.597222222E0	4.559842991E-1	6.355278814E-1
1.601533333E0	4.472034405E-1	5.418214327E-1
1.605844444E0	4.468991603E-1	4.620411421E-1
1.610155556E0	4.702945018E-1	4.058688242E-1
1.614466667E0	5.107295184E-1	3.582039178E-1
1.618777778E0	5.371375742E-1	2.984773795E-1
1.623088889E0	4.395304923E-1	1.139480880E-1
1.627400000E0	6.394056461E-1	-2.525076147E-1
1.631711111E0	6.517226274E-1	-3.715215392E-1
1.636022222E0	6.325523995E-1	-4.674146752E-1
1.640333333E0	5.929307880E-1	-5.288709334E-1
1.644644444E0	5.502680774E-1	-5.760941501E-1
1.648955556E0	5.284953190E-1	-6.201246665E-1
1.653266667E0	4.579316113E-1	-5.502427914E-1
1.657577778E0	4.551119997E-1	-6.149363077E-1
1.661888889E0	4.950332365E-1	-6.688494034E-1
1.666200000E0	5.050885875E-1	-7.554590943E-1
1.670622222E0	4.920030822E-1	-8.289134773E-1
1.674933333E0	5.138059936E-1	-9.110336901E-1
1.679244444E0	5.056955185E-1	-9.831150560E-1
1.683555556E0	4.917282244E-1	-1.060248246E0
1.687866667E0	5.030045789E-1	-1.125106085E0
1.692177778E0	4.801799508E-1	-1.184250673E0
1.696488889E0	4.933487207E-1	-1.245085315E0
1.700800000E0	4.642066228E-1	-1.330916474E0
1.705111111E0	5.080467391E-1	-1.350181918E0
1.709422222E0	4.706679290E-1	-1.427861804E0
1.713733333E0	4.842700291E-1	-1.456713568E0
1.718044444E0	4.854625111E-1	-1.508432411E0
1.722355556E0	4.913484380E-1	-1.554551403E0
1.726666667E0	4.870429920E-1	-1.598517917E0
1.730977778E0	4.883656111E-1	-1.636889735E0
1.735288889E0	4.688715586E-1	-1.695636252E0
1.739600000E0	4.971976641E-1	-1.699839430E0
1.743911111E0	4.856209497E-1	-1.734068934E0
1.748333333E0	5.038145667E-1	-1.756140257E0
1.752644444E0	4.935800898E-1	-1.780343890E0
1.756955556E0	5.053039179E-1	-1.801912323E0
1.761266667E0	4.896249991E-1	-1.822673264E0
1.765577778E0	4.969827280E-1	-1.838772272E0
1.769888889E0	4.735743179E-1	-1.857343490E0
1.774200000E0	4.920117729E-1	-1.866874125E0
1.778511111E0	5.081552431E-1	-1.880847676E0
1.782822222E0	5.184469996E-1	-1.878726027E0
1.787133333E0	5.297975261E-1	-1.889085519E0
1.791444444E0	5.173178800E-1	-1.919015253E0
1.795755556E0	5.232562257E-1	-1.909994085E0
1.800066667E0	5.312350207E-1	-1.913754721E0
1.804377778E0	5.345845477E-1	-1.916342101E0
1.808688889E0	5.357539995E-1	-1.917005307E0
1.813000000E0	5.371079532E-1	-1.915994126E0
1.817311111E0	5.372257690E-1	-1.910145725E0
1.821622222E0	5.366812444E-1	-1.902336232E0
1.825933333E0	5.512499965E-1	-1.887002329E0
1.830244444E0	5.470475787E-1	-1.876136151E0
1.834666667E0	5.374279333E-1	-1.862869939E0
1.838977778E0	5.456247629E-1	-1.838788801E0
1.843288889E0	5.505225911E-1	-1.808526150E0
1.847600000E0	5.491952713E-1	-1.789466409E0
1.851911111E0	5.533517789E-1	-1.756148287E0
1.856222222E0	5.558779797E-1	-1.719479777E0
1.860533333E0	5.475544974E-1	-1.694608733E0
1.864844444E0	5.544805824E-1	-1.653242621E0
1.869155556E0	5.508328767E-1	-1.603570765E0
1.873466667E0	5.480712419E-1	-1.550646307E0
1.877777778E0	5.597951198E-1	-1.495206932E0
1.882088889E0	5.512055740E-1	-1.433896629E0
1.886400000E0	5.520643093E-1	-1.378494459E0
1.890711111E0	5.670458558E-1	-1.302732784E0
1.895022222E0	5.592128538E-1	-1.249394989E0
1.899333333E0	5.503025385E-1	-1.188192721E0
1.903644444E0	5.607620493E-1	-1.117899284E0
1.907955556E0	5.701236054E-1	-1.028330664E0
1.912266667E0	5.843934435E-1	-9.520300217E-1
1.916577778E0	5.683013101E-1	-8.831480031E-1
1.921000000E0	5.746456596E-1	-8.040473207E-1
1.925311111E0	5.683458691E-1	-7.007466325E-1
1.929622222E0	5.691129508E-1	-6.357678225E-1
1.933933333E0	5.736814911E-1	-5.812330236E-1
1.938244444E0	5.965716033E-1	-4.817892406E-1
1.942555556E0	5.804748199E-1	-4.536329625E-1
1.946866667E0	1.028577086E0	-4.764243133E-1
1.951177778E0	6.328166955E-1	-5.209029101E-1
1.955488889E0	6.513333101E-1	-4.806510237E-1
1.959800000E0	6.895386498E-1	-4.441050826E-1
1.964111111E0	7.630212034E-1	-4.031825255E-1
1.968422222E0	7.940903112E-1	-3.410333605E-1
1.972733333E0	8.376127908E-1	-2.253406775E-1
1.977044444E0	8.297450888E-1	-1.323256446E-1
1.981355556E0	5.784054791E-1	2.284532669E-1
1.985666667E0	5.850354064E-1	3.270017197E-1
1.989977778E0	5.771693223E-1	3.780529368E-1
1.994288889E0	5.712218730E-1	4.315673178E-1
1.998600000E0	5.822679041E-1	4.780283281E-1
2.002911111E0	5.937391127E-1	5.340741626E-1
2.007222222E0	6.087722694E-1	5.587051434E-1
2.011533333E0	6.420843560E-1	6.047997063E-1
2.015955556E0	6.215824198E-1	6.703107483E-1
2.020266667E0	6.627458514E-1	6.934875984E-1
2.024577778E0	7.446893634E-1	5.529692643E-1
2.028888889E0	7.297637923E-1	6.072906645E-1
2.033200000E0	7.260278545E-1	6.534437709E-1
2.037511111E0	7.180357424E-1	7.015807339E-1
2.041822222E0	6.078509091E-1	9.485608729E-1
2.046133333E0	5.905406930E-1	9.947281849E-1
2.050444444E0	5.865784915E-1	1.047614231E0
2.054755556E0	5.768247172E-1	1.105383740E0
2.059066667E0	5.722760310E-1	1.154453582E0
2.063377778E0	5.932039743E-1	1.207811544E0
2.067688889E0	5.926092017E-1	1.253258783E0
2.072000000E0	5.960232045E-1	1.299588951E0
2.076311111E0	5.957504012E-1	1.348207431E0
2.080622222E0	7.574553689E-1	1.225986599E0
2.084933333E0	7.584716735E-1	1.275772355E0
2.089244444E0	7.640597173E-1	1.319557850E0
2.093555556E0	7.684211334E-1	1.360995496E0
2.097866667E0	7.742813379E-1	1.397326007E0
2.102288889E0	7.721385786E-1	1.442298687E0
2.106600000E0	7.785384639E-1	1.470294938E0
2.110911111E0	7.763089615E-1	1.505355494E0
2.115222222E0	7.755907064E-1	1.537566686E0
2.119533333E0	7.721393313E-1	1.552043660E0
2.123844444E0	7.736848508E-1	1.576338495E0
2.128155556E0	7.763081255E-1	1.596920513E0
2.132466667E0	7.626850114E-1	1.612499032E0
2.136777778E0	7.643006694E-1	1.633483934E0
2.141088889E0	7.666461421E-1	1.636567570E0
2.145400000E0	7.727932993E-1	1.642230603E0
2.149711111E0	7.757425736E-1	1.644955630E0
2.154022222E0	7.598694864E-1	1.654586518E0
2.158333333E0	7.567042467E-1	1.654932679E0
2.162644444E0	7.576184966E-1	1.656362864E0
2.166955556E0	7.577864335E-1	1.657454535E0
2.171266667E0	7.575902225E-1	1.657351482E0
2.175577778E0	7.578257665E-1	1.658908818E0
2.179888889E0	7.695837232E-1	1.649434367E0
2.184200000E0	7.688412085E-1	1.642698979E0
2.188622222E0	7.677035320E-1	1.638722581E0
2.192933333E0	7.601695331E-1	1.629086785E0
2.197244444E0	7.682235272E-1	1.601599440E0
2.201555556E0	7.682749301E-1	1.587727101E0
2.205866667E0	7.716995654E-1	1.561045135E0
2.210177778E0	7.703385483E-1	1.549916269E0
2.214488889E0	7.706348374E-1	1.534170000E0
2.218800000E0	7.724497103E-1	1.502129158E0
2.223111111E0	7.659434406E-1	1.478917460E0
2.227422222E0	7.720223686E-1	1.460003586E0
2.231733333E0	7.752615993E-1	1.424317320E0
2.236044444E0	7.658348121E-1	1.400857339E0
2.240355556E0	7.728080510E-1	1.374010554E0
2.244666667E0	7.626387069E-1	1.353232758E0
2.248977778E0	7.661313075E-1	1.326215654E0
2.253288889E0	7.566193536E-1	1.298300110E0
2.257600000E0	7.586182309E-1	1.273613828E0
2.261911111E0	7.745443425E-1	1.240139191E0
2.266222222E0	7.594801661E-1	1.211971002E0
2.270533333E0	7.671535516E-1	1.180003154E0
2.274955556E0	7.730073488E-1	1.138223123E0
2.279266667E0	7.744515288E-1	1.107897912E0
2.283577778E0	7.570414922E-1	1.070873181E0
2.287888889E0	7.676489045E-1	1.039279402E0
2.292200000E0	7.745580185E-1	1.005505594E0
2.296511111E0	7.707966724E-1	9.630589789E-1
2.300822222E0	7.806076055E-1	9.275253863E-1
2.305133333E0	7.694004656E-1	8.962872208E-1
2.309444444E0	7.691724452E-1	8.625041932E-1
2.313755556E0	7.774903165E-1	8.239852913E-1
2.318066667E0	7.843726995E-1	7.820617574E-1
2.322377778E0	7.875454317E-1	7.404899791E-1
2.326688889E0	7.905008519E-1	6.972210143E-1
2.331000000E0	7.837400596E-1	6.587067277E-1
2.335311111E0	7.867472462E-1	6.127877050E-1
2.339622222E0	7.839112616E-1	5.603666505E-1
2.343933333E0	7.790299017E-1	5.074929217E-1
2.348244444E0	7.851073726E-1	4.772549656E-1
2.352555556E0	7.747076388E-1	4.767592269E-1
2.356866667E0	7.643435511E-1	4.639380140E-1
2.361288889E0	6.385584831E-1	4.643275189E-1
2.365600000E0	6.494456681E-1	4.116724173E-1
2.369911111E0	7.429305044E-1	3.693473251E-1
2.374222222E0	7.505188239E-1	3.175241839E-1
2.378533333E0	7.509881146E-1	2.519644220E-1
2.382844444E0	6.426742051E-1	1.473238480E-1
2.387155556E0	8.557647436E-1	-1.732397854E-1
2.391466667E0	8.946554018E-1	-2.552295539E-1
2.395777778E0	8.994450152E-1	-3.046364587E-1
2.400088889E0	9.241971958E-1	-3.993926805E-1
2.404400000E0	9.338868063E-1	-4.516590387E-1
2.408711111E0	9.383171233E-1	-4.894900106E-1
2.413022222E0	9.880582494E-1	-5.157671497E-1
2.417333333E0	1.011656595E0	-5.502061192E-1
2.421644444E0	9.760964497E-1	-5.819368905E-1
2.425955556E0	9.155720893E-1	-6.214022049E-1
2.430266667E0	9.546140929E-1	-6.493834430E-1
2.434577778E0	1.020267334E0	-6.616838970E-1
2.438888889E0	1.124999322E0	-6.278863204E-1
2.443200000E0	1.043844381E0	-7.561904722E-1
2.447622222E0	6.275883840E-1	-5.295934182E-1
2.451933333E0	6.265505967E-1	-5.524788116E-1
2.456244444E0	6.351529133E-1	-5.744975892E-1
2.460555556E0	6.301401912E-1	-6.121260173E-1
2.464866667E0	6.330865647E-1	-6.514597762E-1
2.469177778E0	6.337779611E-1	-6.987599608E-1
2.473488889E0	9.933144920E-1	-1.028794987E0
2.477800000E0	1.120682426E0	-9.763666607E-1
2.482111111E0	9.403477847E-1	-1.108863286E0
2.486422222E0	9.145813081E-1	-1.149653429E0
2.490733333E0	1.120232535E0	-1.062069822E0
2.495044444E0	9.830489323E-1	-1.200786772E0
2.499355556E0	9.393631897E-1	-1.244358825E0
2.503666667E0	9.947546971E-1	-1.252075487E0
2.507977778E0	9.782580155E-1	-1.284045471E0
2.512288889E0	9.992469812E-1	-1.294180192E0
2.516600000E0	1.039679394E0	-1.292179808E0
2.520911111E0	1.072918358E0	-1.281453762E0
2.525333333E0	1.122713751E0	-1.256528609E0
2.529644444E0	6.401365601E-1	-1.063964792E0
2.533955556E0	6.413769798E-1	-1.067492905E0
2.538266667E0	6.412738403E-1	-1.079797689E0
2.542577778E0	6.461880991E-1	-1.090367564E0
2.546888889E0	6.430600438E-1	-1.101890039E0
2.551200000E0	6.419243838E-1	-1.107724679E0
2.555511111E0	6.454005607E-1	-1.119683464E0
2.559822222E0	6.472496332E-1	-1.125000137E0
2.564133333E0	1.144630044E0	-1.359545628E0
2.568444444E0	1.114842880E0	-1.365371401E0
2.572755556E0	1.118390913E0	-1.369828716E0
2.577066667E0	1.118794617E0	-1.375320478E0
2.581377778E0	1.114977851E0	-1.376312862E0
2.585688889E0	1.112231753E0	-1.377358614E0
2.590000000E0	1.111787794E0	-1.374411432E0
2.594311111E0	1.112350911E0	-1.374257556E0
2.598622222E0	1.133434910E0	-1.356982554E0
2.602933333E0	1.131912542E0	-1.345465568E0
2.607244444E0	1.114128958E0	-1.336483895E0
2.611666667E0	1.103489630E0	-1.329296490E0
2.615977778E0	1.069416664E0	-1.330693172E0
2.620288889E0	1.084676039E0	-1.303919311E0
2.624600000E0	1.067347163E0	-1.282219510E0
2.628911111E0	1.082299912E0	-1.245475498E0
2.633222222E0	9.875063285E-1	-1.241215017E0
2.637533333E0	1.023599668E0	-1.194008862E0
2.641844444E0	1.036248406E0	-1.159497181E0
2.646155556E0	1.044370016E0	-1.122415432E0
2.650466667E0	9.766031609E-1	-1.100383865E0
2.654777778E0	9.581615102E-1	-1.062934125E0
2.659088889E0	9.443664066E-1	-1.024331764E0
2.663400000E0	9.602672977E-1	-9.806540042E-1
2.667711111E0	9.637112517E-1	-9.357686142E-1
2.672022222E0	9.720674365E-1	-8.864430397E-1
2.676333333E0	1.009331644E0	-8.452266881E-1
2.680644444E0	1.085228843E0	-7.603459998E-1
2.684955556E0	1.096362455E0	-7.173158387E-1
2.689266667E0	1.080729614E0	-6.745597377E-1
2.693577778E0	9.007020650E-1	-6.479410245E-1
2.698000000E0	7.532886105E-1	-5.431673362E-1
2.702311111E0	7.942760547E-1	-5.358782811E-1
2.706622222E0	9.045941076E-1	-5.249787231E-1
2.710933333E0	9.127029603E-1	-4.897095834E-1
2.715244444E0	9.400560142E-1	-4.598893263E-1
2.719555556E0	9.730847565E-1	-4.346962292E-1
2.723866667E0	9.825755763E-1	-4.072265709E-1
2.728177778E0	9.925687564E-1	-3.600865952E-1
2.732488889E0	9.511718542E-1	-2.975962747E-1
2.736800000E0	9.292290062E-1	-2.520394890E-1
2.741111111E0	8.956447084E-1	-1.995357611E-1
2.745422222E0	6.394989954E-1	1.282939440E-1
2.749733333E0	6.429618869E-1	1.772387001E-1
2.754044444E0	6.398570708E-1	2.316937688E-1
2.758355556E0	6.552020790E-1	2.810064338E-1
2.762666667E0	6.572756938E-1	3.115973026E-1
2.766977778E0	6.725396902E-1	3.468553416E-1
2.771288889E0	6.722059646E-1	3.860580234E-1
2.775600000E0	6.769303469E-1	4.228622592E-1
2.779911111E0	6.649503317E-1	4.537135624E-1
2.784222222E0	6.400876024E-1	4.778867262E-1
2.788533333E0	6.347464578E-1	5.088481410E-1
2.792955556E0	6.357881757E-1	5.456512694E-1
2.797266667E0	6.351429563E-1	5.865273237E-1
2.801577778E0	6.318436021E-1	6.261680096E-1
2.805888889E0	6.294776171E-1	6.772813132E-1
2.810200000E0	6.318945477E-1	7.140139930E-1
2.814511111E0	6.358382226E-1	7.576342012E-1
2.818822222E0	6.259852456E-1	7.964027232E-1
2.823133333E0	6.297102973E-1	8.432419320E-1
2.827444444E0	6.384725259E-1	8.807234257E-1
2.831755556E0	6.730314233E-1	9.269523524E-1
2.836066667E0	6.581628234E-1	9.746561572E-1
2.840377778E0	6.672181379E-1	1.006948418E0
2.844688889E0	6.607183750E-1	1.030158449E0
2.849000000E0	6.664376773E-1	1.069611533E0
2.853311111E0	6.689133143E-1	1.080825056E0
2.857622222E0	6.740675445E-1	1.092592228E0
2.861933333E0	6.989574462E-1	1.080053025E0
2.866244444E0	6.985530509E-1	1.080864716E0
2.870555556E0	7.538664179E-1	9.515566814E-1
2.874866667E0	6.520179461E-1	1.123738326E0
2.879288889E0	6.463280940E-1	1.130797436E0
2.883600000E0	6.400792451E-1	1.135524408E0
2.887911111E0	6.311932871E-1	1.136983827E0
2.892222222E0	6.241159527E-1	1.146360389E0
2.896533333E0	6.202168780E-1	1.148430118E0
2.900844444E0	6.173860406E-1	1.149634752E0
2.905155556E0	6.290848041E-1	1.161663582E0
2.909466667E0	6.281053185E-1	1.164673922E0
2.913777778E0	6.239161924E-1	1.173370303E0
2.918088889E0	6.257594999E-1	1.177176252E0
2.922400000E0	6.280384204E-1	1.182131871E0
2.926711111E0	6.276735541E-1	1.190556000E0
2.931022222E0	6.264269853E-1	1.200694791E0
2.935333333E0	6.360901222E-1	1.204292440E0
2.939644444E0	6.377433368E-1	1.208678635E0
2.943955556E0	6.361268677E-1	1.212280392E0
2.948266667E0	6.366313090E-1	1.212760701E0
2.952577778E0	6.363409035E-1	1.212760126E0
2.956888889E0	6.370934342E-1	1.212974995E0
2.961200000E0	6.333865291E-1	1.201526074E0
2.965622222E0	6.307776580E-1	1.196330622E0
2.969933333E0	6.336234611E-1	1.184810296E0
2.974244444E0	6.306496619E-1	1.174362086E0
2.978555556E0	6.315334599E-1	1.166865062E0
2.982866667E0	6.251620928E-1	1.151416278E0
2.987177778E0	6.305702097E-1	1.136878933E0
2.991488889E0	6.312732215E-1	1.126952964E0
2.995800000E0	6.337726894E-1	1.105930798E0
3.000111111E0	7.787719091E-1	9.234436247E-1
3.004422222E0	7.719060043E-1	8.975873684E-1
3.008733333E0	7.825526531E-1	8.757837659E-1
3.013044444E0	7.816357933E-1	8.589137050E-1
3.017355556E0	7.893526940E-1	8.217304757E-1
3.021666667E0	7.972457212E-1	7.853064690E-1
3.025977778E0	7.890117943E-1	7.650015077E-1
3.030288889E0	7.977738678E-1	7.385068098E-1
3.034600000E0	8.050598584E-1	7.059103572E-1
3.038911111E0	7.987089273E-1	6.876454845E-1
3.043222222E0	8.012206081E-1	6.591885833E-1
3.047533333E0	7.938186767E-1	6.378769053E-1
3.051955556E0	8.043467445E-1	6.069933710E-1
3.056266667E0	7.932832540E-1	5.823261548E-1
3.060577778E0	7.993782581E-1	5.471348947E-1
3.064888889E0	8.026582422E-1	5.233507004E-1
3.069200000E0	8.026710362E-1	5.158212905E-1
3.073511111E0	7.898891445E-1	5.036726003E-1
3.077822222E0	7.914459485E-1	5.036432742E-1
3.082133333E0	7.925175785E-1	5.040427239E-1
3.086444444E0	7.937227608E-1	4.933271408E-1
3.090755556E0	7.875536375E-1	4.956557510E-1
3.095066667E0	7.737389111E-1	5.000493840E-1
3.099377778E0	7.606016990E-1	4.871119837E-1
3.103688889E0	7.679863460E-1	4.691173808E-1
3.108000000E0	6.478675350E-1	4.642494598E-1
3.112311111E0	6.520139030E-1	4.457560225E-1
3.116622222E0	6.448624786E-1	4.191579750E-1
3.120933333E0	6.639486327E-1	4.031649199E-1
3.125244444E0	6.425486721E-1	3.722465982E-1
3.129555556E0	6.394167662E-1	3.408528333E-1
3.133866667E0	6.425768956E-1	3.136113172E-1
3.138288889E0	6.343293870E-1	2.893047483E-1
3.142600000E0	6.309129004E-1	2.486042604E-1
3.146911111E0	6.244788269E-1	2.047529651E-1
3.151222222E0	6.207676026E-1	1.561059780E-1
3.155533333E0	8.629515583E-1	-1.696633193E-1
3.159844444E0	9.063982913E-1	-2.145071640E-1
3.164155556E0	9.397252847E-1	-2.562274573E-1
3.168466667E0	9.732346401E-1	-3.066425337E-1
3.172777778E0	9.952903375E-1	-3.292107195E-1
3.177088889E0	1.052288264E0	-4.325167467E-1
3.181400000E0	1.069742452E0	-4.437183891E-1
3.185711111E0	1.044547247E0	-4.605950437E-1
3.190022222E0	1.020386988E0	-4.845845648E-1
3.194333333E0	1.012640363E0	-4.972371785E-1
3.198644444E0	9.836011893E-1	-5.345528175E-1
3.202955556E0	9.730278076E-1	-5.681634013E-1
3.207266667E0	1.001379755E0	-5.840513332E-1
3.211577778E0	9.681759352E-1	-6.110286067E-1
3.215888889E0	9.435479388E-1	-6.292006056E-1
3.220200000E0	1.065319083E0	-6.258541202E-1
3.224622222E0	1.021310242E0	-6.605238551E-1
3.228933333E0	9.965375888E-1	-7.009831195E-1
3.233244444E0	1.048335868E0	-7.143330192E-1
3.237555556E0	1.101267119E0	-7.189089115E-1
3.241866667E0	1.063664444E0	-7.410683296E-1
3.246177778E0	1.073339222E0	-7.582780413E-1
3.250488889E0	1.106196248E0	-7.548733711E-1
3.254800000E0	1.119399812E0	-7.680791132E-1
3.259111111E0	6.133379068E-1	-5.200671799E-1
3.263422222E0	6.111847284E-1	-5.253258227E-1
3.267733333E0	6.125840606E-1	-5.264641620E-1
3.272044444E0	6.169749461E-1	-5.343476658E-1
3.276355556E0	6.205842828E-1	-5.448378436E-1
3.280666667E0	6.144816301E-1	-5.573724682E-1
3.284977778E0	6.085585138E-1	-5.571885301E-1
3.289288889E0	6.096746995E-1	-5.737823230E-1
3.293600000E0	6.096481949E-1	-5.800628894E-1
3.297911111E0	6.014509732E-1	-6.030515406E-1
3.302333333E0	6.001778121E-1	-6.073025050E-1
3.306644444E0	5.990916237E-1	-6.119378891E-1
3.310955556E0	5.976348630E-1	-6.098667577E-1
3.315266667E0	5.931204249E-1	-6.152924439E-1
3.319577778E0	5.915848846E-1	-6.172616038E-1
3.323888889E0	5.891527132E-1	-6.163200660E-1
3.328200000E0	5.867466413E-1	-6.166100664E-1
3.332511111E0	5.850440568E-1	-6.182674983E-1
3.336822222E0	5.809613284E-1	-6.193470215E-1
3.341133333E0	5.745060977E-1	-6.189277801E-1
3.345444444E0	5.744550843E-1	-6.178647708E-1
3.349755556E0	5.658680018E-1	-6.244480805E-1
3.354066667E0	5.627702544E-1	-6.239434746E-1
3.358377778E0	5.600261110E-1	-6.253600912E-1
3.362688889E0	5.601246007E-1	-6.244380318E-1
3.367000000E0	5.574124639E-1	-6.185200446E-1
3.371311111E0	5.555363796E-1	-6.167857153E-1
3.375622222E0	5.522129212E-1	-6.031116772E-1
3.379933333E0	5.626706076E-1	-5.804217992E-1
3.384244444E0	9.715312331E-1	-8.364663950E-1
3.388666667E0	5.526085856E-1	-5.600875572E-1
3.392977778E0	5.545361267E-1	-5.376271981E-1
3.397288889E0	5.478196824E-1	-5.291352983E-1
3.401600000E0	5.471311732E-1	-5.196674452E-1
3.405911111E0	5.435403606E-1	-5.144975255E-1
3.410222222E0	5.479307827E-1	-5.023855067E-1
3.414533333E0	5.440820204E-1	-4.981535416E-1
3.418844444E0	5.440630989E-1	-4.964506312E-1
3.423155556E0	5.476090819E-1	-4.862856673E-1
3.427466667E0	6.340081454E-1	-5.275422098E-1
3.431777778E0	6.665257448E-1	-5.367933692E-1
3.436088889E0	6.995966193E-1	-5.420582873E-1
3.440400000E0	8.419104390E-1	-5.469970619E-1
3.444711111E0	9.195580449E-1	-5.278733583E-1
3.449022222E0	9.109642984E-1	-4.993591007E-1
3.453333333E0	9.470131645E-1	-4.743493047E-1
3.457644444E0	9.359236545E-1	-4.575079446E-1
3.461955556E0	9.492640719E-1	-4.321976982E-1
3.466266667E0	9.397154385E-1	-4.088405903E-1
3.470577778E0	9.363542387E-1	-3.940796059E-1
3.475000000E0	9.015650974E-1	-3.465638640E-1
3.479311111E0	8.873369981E-1	-3.108475041E-1
3.483622222E0	8.556001029E-1	-2.627099813E-1
3.487933333E0	8.286049276E-1	-2.199339611E-1
3.492244444E0	8.012248033E-1	-1.861777560E-1
3.496555556E0	8.141508977E-1	-1.615949990E-1
3.500866667E0	5.664481746E-1	1.383117554E-1
3.505177778E0	5.563084589E-1	1.571114176E-1
3.509488889E0	5.634434932E-1	2.094460146E-1
3.513800000E0	5.722596434E-1	2.453579263E-1
3.518111111E0	5.779854557E-1	2.739851757E-1
3.522422222E0	5.780169457E-1	2.886682252E-1
3.526733333E0	5.832209344E-1	3.070128725E-1
3.531044444E0	5.795096525E-1	3.322585508E-1
3.535355556E0	5.838860097E-1	3.545907782E-1
3.539666667E0	5.803160643E-1	3.716419354E-1
3.543977778E0	5.854540505E-1	3.957372751E-1
3.548288889E0	5.878075414E-1	4.091173120E-1
3.552600000E0	5.817399330E-1	4.300576954E-1
3.556911111E0	5.934456390E-1	4.484561218E-1
3.561222222E0	5.961718380E-1	4.596677112E-1
3.565533333E0	5.883162792E-1	4.727597138E-1
3.569955556E0	5.934079609E-1	4.903243196E-1
3.574266667E0	5.901725423E-1	5.062145332E-1
3.578577778E0	5.879128412E-1	5.182962216E-1
3.582888889E0	5.929412417E-1	5.297263290E-1
3.587200000E0	5.966438661E-1	5.439299109E-1
3.591511111E0	5.937570902E-1	5.563917508E-1
3.595822222E0	5.985168711E-1	5.720852101E-1
3.600133333E0	5.995473096E-1	5.887040253E-1
3.604444444E0	5.958510919E-1	6.018707980E-1
3.608755556E0	7.178018068E-1	5.190221874E-1
3.613066667E0	5.936453621E-1	6.253572338E-1
3.617377778E0	5.883681701E-1	6.498757011E-1
3.621688889E0	5.912985197E-1	6.601688642E-1
3.626000000E0	5.926057654E-1	6.765747024E-1
3.630311111E0	5.905014389E-1	6.855629336E-1
3.634622222E0	5.894034206E-1	6.986032292E-1
3.638933333E0	5.944471053E-1	7.116004467E-1
3.643244444E0	5.919405834E-1	7.227136093E-1
3.647555556E0	5.932558530E-1	7.391213457E-1
3.651866667E0	5.924894949E-1	7.531773210E-1
3.656288889E0	5.944747844E-1	7.602906389E-1
3.660600000E0	5.904164308E-1	7.688141258E-1
3.664911111E0	5.913720858E-1	7.735133583E-1
3.669222222E0	5.902574938E-1	7.791501286E-1
3.673533333E0	5.931163140E-1	7.808707273E-1
3.677844444E0	5.939049983E-1	7.880689373E-1
3.682155556E0	5.931236498E-1	7.921767197E-1
3.686466667E0	5.891368462E-1	7.971337837E-1
3.690777778E0	5.867498964E-1	7.983983600E-1
3.695088889E0	5.870582705E-1	7.935339065E-1
3.699400000E0	5.868526755E-1	7.946310779E-1
3.703711111E0	5.892369546E-1	7.925018223E-1
3.708022222E0	5.900837224E-1	7.814081849E-1
3.712333333E0	5.918073247E-1	7.807021422E-1
3.716644444E0	5.929613051E-1	7.701523264E-1
3.720955556E0	5.971588856E-1	7.655947541E-1
3.725266667E0	5.983131457E-1	7.542302078E-1
3.729577778E0	6.020826708E-1	7.456386370E-1
3.733888889E0	6.008759841E-1	7.365750792E-1
3.738200000E0	6.015725107E-1	7.282644829E-1
3.742622222E0	6.034728692E-1	7.191852590E-1
3.746933333E0	7.597428080E-1	5.605352282E-1
3.751244444E0	7.593011785E-1	5.552053287E-1
3.755555556E0	7.545537461E-1	5.472082151E-1
3.759866667E0	7.539071746E-1	5.436772266E-1
3.764177778E0	7.485047575E-1	5.298121120E-1
3.768488889E0	7.734623520E-1	5.262685967E-1
3.772800000E0	7.679250287E-1	5.183630047E-1
3.777111111E0	7.694305731E-1	5.172877306E-1
3.781422222E0	7.741064944E-1	5.131070009E-1
3.785733333E0	7.674481686E-1	5.105445332E-1
3.790044444E0	7.679623567E-1	5.081163414E-1
3.794355556E0	7.707440550E-1	5.055010488E-1
3.798666667E0	7.654976651E-1	5.021949521E-1
3.802977778E0	7.565528330E-1	4.957984740E-1
3.807288889E0	7.500828838E-1	4.893613746E-1
3.811600000E0	7.661385105E-1	4.763909809E-1
3.815911111E0	6.108194982E-1	5.108050300E-1
3.820222222E0	5.979835185E-1	5.039145980E-1
3.824533333E0	5.974106985E-1	4.892161507E-1
3.828955556E0	5.911446762E-1	4.690173879E-1
3.833266667E0	5.856751923E-1	4.586102484E-1
3.837577778E0	5.810793754E-1	4.457494009E-1
3.841888889E0	5.607516867E-1	4.250840755E-1
3.846200000E0	5.629941201E-1	4.248269502E-1
3.850511111E0	5.614310649E-1	3.991500870E-1
3.854822222E0	5.527358051E-1	3.886925344E-1
3.859133333E0	5.519752186E-1	3.819643060E-1
3.863444444E0	5.474465649E-1	3.696304776E-1
3.867755556E0	5.516315230E-1	3.533792409E-1
3.872066667E0	5.367592448E-1	3.399344695E-1
3.876377778E0	5.363413046E-1	3.255648222E-1
3.880688889E0	5.424244159E-1	3.056941312E-1
3.885000000E0	5.319842199E-1	2.908136159E-1
3.889311111E0	5.350933572E-1	2.783777684E-1
3.893622222E0	5.140727752E-1	2.385250989E-1
3.897933333E0	4.983395719E-1	2.119223030E-1
3.902244444E0	5.004133817E-1	1.962898317E-1
3.906555556E0	5.059164052E-1	1.739918962E-1
3.910866667E0	5.028416120E-1	1.537394324E-1
3.915288889E0	5.065080698E-1	1.254818022E-1
3.919600000E0	5.005238754E-1	1.037250507E-1
3.923911111E0	8.174353261E-1	-2.000484271E-1
3.928222222E0	8.454926243E-1	-2.292040614E-1
3.932533333E0	8.382953297E-1	-2.649373216E-1
3.936844444E0	9.119004104E-1	-4.215858827E-1
3.941155556E0	9.087838889E-1	-4.310387273E-1
3.945466667E0	8.863848601E-1	-4.354865434E-1
3.949777778E0	8.624614151E-1	-4.391415640E-1
3.954088889E0	8.040729581E-1	-4.396115117E-1
3.958400000E0	8.511880063E-1	-4.611632837E-1
3.962711111E0	7.975017212E-1	-4.798490472E-1
3.967022222E0	7.680845954E-1	-4.833851735E-1
3.971333333E0	7.600917547E-1	-4.935619001E-1
3.975644444E0	7.461817971E-1	-5.002110998E-1
3.979955556E0	7.620636264E-1	-5.106254804E-1
3.984266667E0	7.462303147E-1	-5.134681355E-1
3.988577778E0	7.661856116E-1	-5.119031904E-1
3.992888889E0	7.438985865E-1	-5.179257358E-1
3.997200000E0	7.386459508E-1	-5.204171268E-1
4.001622222E0	7.285840470E-1	-5.246402419E-1
4.005933333E0	7.337193535E-1	-5.303094981E-1
4.010244444E0	7.330406307E-1	-5.365211265E-1
4.014555556E0	7.165200304E-1	-5.385271095E-1
4.018866667E0	7.082424614E-1	-5.413616999E-1
4.023177778E0	6.835076313E-1	-5.432957788E-1
4.027488889E0	6.524926512E-1	-5.444475470E-1
4.031800000E0	6.462256732E-1	-5.368775085E-1
4.036111111E0	6.285411250E-1	-5.382285636E-1
4.040422222E0	6.066910448E-1	-5.264832697E-1
4.044733333E0	6.050713117E-1	-5.299341591E-1
4.049044444E0	5.948313979E-1	-5.303481868E-1
4.053355556E0	5.950917080E-1	-5.291874081E-1
4.057666667E0	5.861405425E-1	-5.307098687E-1
4.061977778E0	5.858178312E-1	-5.304760732E-1
4.066288889E0	5.813023775E-1	-5.348012364E-1
4.070600000E0	5.915436503E-1	-5.325936729E-1
4.074911111E0	5.820744792E-1	-5.309226236E-1
4.079333333E0	5.832772702E-1	-5.321165838E-1
4.083644444E0	5.791180146E-1	-5.311328492E-1
4.087955556E0	5.778759182E-1	-5.303195859E-1
4.092266667E0	5.719051802E-1	-5.318050184E-1
4.096577778E0	5.738100434E-1	-5.289720966E-1
4.100888889E0	5.761752467E-1	-5.292446214E-1
4.105200000E0	5.706277455E-1	-5.294995404E-1
4.109511111E0	5.795111007E-1	-5.279007006E-1
4.113822222E0	5.767904105E-1	-5.257559893E-1
4.118133333E0	5.814162710E-1	-5.256204434E-1
4.122444444E0	5.865130238E-1	-5.224202674E-1
4.126755556E0	5.896969353E-1	-5.168414358E-1
4.131066667E0	5.286562883E-1	-4.971300819E-1
4.135377778E0	5.266573730E-1	-4.919836631E-1
4.139688889E0	5.418191880E-1	-4.829164709E-1
4.144000000E0	5.642642939E-1	-4.901676811E-1
4.148311111E0	5.778707797E-1	-4.838610758E-1
4.152622222E0	5.757498730E-1	-4.752418517E-1
4.156933333E0	5.416035262E-1	-4.571271996E-1
4.161244444E0	5.459158926E-1	-4.530267423E-1
4.165666667E0	5.476361279E-1	-4.562911473E-1
4.169977778E0	5.478363196E-1	-4.435135368E-1
4.174288889E0	5.557036629E-1	-4.353389348E-1
4.178600000E0	5.487004916E-1	-4.237240507E-1
4.182911111E0	5.503332108E-1	-4.087318442E-1
4.187222222E0	5.711044044E-1	-4.061812063E-1
4.191533333E0	6.030822556E-1	-3.890043628E-1
4.195844444E0	6.270065004E-1	-3.692800402E-1
4.200155556E0	6.391211918E-1	-3.598304040E-1
4.204466667E0	6.516767414E-1	-3.187626406E-1
4.208777778E0	6.500326056E-1	-3.096365077E-1
4.213088889E0	6.782454260E-1	-3.042921870E-1
4.217400000E0	6.705092694E-1	-2.748463017E-1
4.221711111E0	6.792605929E-1	-2.602289441E-1
4.226022222E0	6.853979996E-1	-2.421457109E-1
4.230333333E0	6.551229876E-1	-2.287161510E-1
4.234644444E0	6.598654031E-1	-2.158698076E-1
4.238955556E0	6.683176301E-1	-1.997482663E-1
4.243266667E0	6.380199812E-1	-1.755145430E-1
4.247577778E0	6.468173714E-1	-1.599026225E-1
4.252000000E0	4.489843358E-1	1.270304829E-1
4.256311111E0	4.467155517E-1	1.392806121E-1
4.260622222E0	4.404104260E-1	1.533886910E-1
4.264933333E0	4.427868359E-1	1.711785286E-1
4.269244444E0	4.410343203E-1	1.966758457E-1
4.273555556E0	4.434700647E-1	2.172919171E-1
4.277866667E0	4.413547902E-1	2.391836637E-1
4.282177778E0	4.373011503E-1	2.534545056E-1
4.286488889E0	4.402483161E-1	2.721081131E-1
4.290800000E0	4.394420496E-1	2.867436011E-1
4.295111111E0	4.394709339E-1	2.974591091E-1
4.299422222E0	4.423804755E-1	3.128695229E-1
4.303733333E0	4.396079557E-1	3.258303102E-1
4.308044444E0	4.340727874E-1	3.384501821E-1
4.312355556E0	4.361117109E-1	3.522731110E-1
4.316666667E0	4.345378880E-1	3.631112612E-1
4.320977778E0	4.343053248E-1	3.709796429E-1
4.325288889E0	4.311273203E-1	3.791184438E-1
4.329600000E0	4.325433449E-1	3.865876952E-1
4.333911111E0	4.353190936E-1	3.971063786E-1
4.338222222E0	4.363355018E-1	4.081865547E-1
4.342533333E0	4.352963965E-1	4.145040085E-1
4.346955556E0	4.334901469E-1	4.243566661E-1
4.351266667E0	4.309373380E-1	4.315080047E-1
4.355577778E0	4.330380415E-1	4.404147097E-1
4.359888889E0	4.285889352E-1	4.428310102E-1
4.364200000E0	4.274332295E-1	4.484610795E-1
4.368511111E0	4.279692333E-1	4.493242351E-1
4.372822222E0	4.237286732E-1	4.515302565E-1
4.377133333E0	4.288920281E-1	4.601267655E-1
4.381444444E0	4.263185655E-1	4.565028590E-1
4.385755556E0	4.271003697E-1	4.643333690E-1
4.390066667E0	4.246994904E-1	4.650021860E-1
4.394377778E0	4.256117078E-1	4.723656129E-1
4.398688889E0	4.234263225E-1	4.744976604E-1
4.403000000E0	4.250459143E-1	4.775281948E-1
4.407311111E0	4.324741290E-1	4.881816289E-1
4.411622222E0	4.194603342E-1	4.809682496E-1
4.415933333E0	4.290497987E-1	4.901846676E-1
4.420244444E0	4.292339662E-1	4.910942816E-1
4.424555556E0	4.271556003E-1	4.892500891E-1
4.428866667E0	4.262207640E-1	4.895012816E-1
4.433288889E0	4.267834997E-1	4.877958812E-1
4.437600000E0	4.282226154E-1	4.939703211E-1
4.441911111E0	4.282226131E-1	4.939702980E-1
4.446222222E0	4.285716519E-1	4.936232860E-1
4.450533333E0	4.285431861E-1	4.938958854E-1
4.454844444E0	4.302563177E-1	4.928995979E-1
4.459155556E0	4.301863667E-1	4.934627088E-1
4.463466667E0	4.200676721E-1	4.813916408E-1
4.467777778E0	4.231348803E-1	4.797934657E-1
4.472088889E0	4.242313115E-1	4.799182603E-1
4.476400000E0	4.241346974E-1	4.753824161E-1
4.480711111E0	4.284765303E-1	4.774932897E-1
4.485022222E0	4.283426098E-1	4.719398845E-1
4.489333333E0	4.340124758E-1	4.707226695E-1
4.493644444E0	4.312896041E-1	4.666758040E-1
4.497955556E0	4.365175189E-1	4.642910151E-1
4.502266667E0	4.385457096E-1	4.622573765E-1
4.506577778E0	4.384032505E-1	4.561593547E-1
4.510888889E0	4.387737277E-1	4.563736126E-1
4.515200000E0	4.402529640E-1	4.507555620E-1
4.519622222E0	4.392679624E-1	4.459613918E-1
4.523933333E0	4.370532914E-1	4.410252856E-1
4.528244444E0	4.302895441E-1	4.345023862E-1
4.532555556E0	4.284478303E-1	4.273637326E-1
4.536866667E0	4.301291523E-1	4.213261461E-1
4.541177778E0	4.274914494E-1	4.121192801E-1
4.545488889E0	4.279143420E-1	4.026672237E-1
4.549800000E0	4.202614179E-1	3.900537467E-1
4.554111111E0	4.218084049E-1	3.835716527E-1
4.558422222E0	4.233323354E-1	3.776957648E-1
4.562733333E0	4.244373372E-1	3.732492163E-1
4.567044444E0	4.290437710E-1	3.706492846E-1
4.571355556E0	4.296429643E-1	3.648507821E-1
4.575666667E0	4.171661358E-1	3.409163722E-1
4.579977778E0	4.238893838E-1	3.318855633E-1
4.584288889E0	4.258884392E-1	3.245162764E-1
4.588600000E0	4.273976520E-1	3.089026739E-1
4.592911111E0	4.132157997E-1	3.032117182E-1
4.597222222E0	4.156034096E-1	2.937722007E-1
4.601533333E0	4.182991038E-1	2.878227918E-1
4.605955556E0	4.197963822E-1	2.767601209E-1
4.610266667E0	4.256196744E-1	2.676407022E-1
4.614577778E0	4.264837138E-1	2.588773519E-1
4.618888889E0	4.137514381E-1	2.430883840E-1
4.623200000E0	4.143291248E-1	2.330861384E-1
4.627511111E0	4.180888065E-1	2.148551134E-1
4.631822222E0	4.094750202E-1	2.006616472E-1
4.636133333E0	4.115442542E-1	1.910733352E-1
4.640444444E0	4.143641053E-1	1.766110066E-1
4.644755556E0	3.979922927E-1	1.626234245E-1
4.649066667E0	3.997489131E-1	1.529215866E-1
4.653377778E0	4.046985820E-1	1.437283241E-1
4.657688889E0	4.064261205E-1	1.337696370E-1
4.662000000E0	4.089596839E-1	1.298277702E-1
4.666311111E0	3.953333886E-1	1.145457452E-1
4.670622222E0	7.302218245E-1	-1.232972041E-1
4.674933333E0	7.486178806E-1	-1.265526154E-1
4.679244444E0	6.566212013E-1	-1.614852951E-1
4.683555556E0	6.413896076E-1	-1.718341824E-1
4.687866667E0	6.403948209E-1	-1.822681012E-1
4.692288889E0	6.358054220E-1	-1.882350673E-1
4.696600000E0	6.599650124E-1	-2.109656630E-1
4.700911111E0	6.639185411E-1	-2.124657281E-1
4.705222222E0	6.759602374E-1	-2.245153276E-1
4.709533333E0	6.397401089E-1	-2.280049577E-1
4.713844444E0	6.528281682E-1	-2.420262884E-1
4.718155556E0	6.590040047E-1	-2.495272515E-1
4.722466667E0	6.615586130E-1	-2.558243115E-1
4.726777778E0	6.531666126E-1	-2.608236466E-1
4.731088889E0	6.650488629E-1	-2.724152863E-1
4.735400000E0	6.459888966E-1	-2.736030025E-1
4.739711111E0	6.520596922E-1	-2.840192626E-1
4.744022222E0	6.512362989E-1	-2.942038370E-1
4.748333333E0	6.573670651E-1	-3.022590954E-1
4.752644444E0	6.555308427E-1	-3.117980542E-1
4.756955556E0	6.628680375E-1	-3.162829018E-1
4.761266667E0	6.591957936E-1	-3.158779015E-1
4.765577778E0	6.530665397E-1	-3.103001161E-1
4.769888889E0	6.600232134E-1	-3.102376902E-1
4.774200000E0	6.719929124E-1	-3.079077626E-1
4.778622222E0	6.701134452E-1	-3.097714964E-1
4.782933333E0	6.772669190E-1	-3.100989186E-1
4.787244444E0	6.862989324E-1	-3.097869080E-1
4.791555556E0	6.806781771E-1	-3.085987105E-1
4.795866667E0	6.864135441E-1	-3.079189592E-1
4.800177778E0	6.837263918E-1	-3.075825584E-1
4.804488889E0	6.897048675E-1	-3.075635510E-1
4.808800000E0	6.864732541E-1	-3.067950948E-1
4.813111111E0	6.822311897E-1	-3.062626993E-1
4.817422222E0	6.779027833E-1	-3.050443573E-1
4.821733333E0	6.798797407E-1	-3.043648197E-1
4.826044444E0	6.804490272E-1	-3.031827040E-1
4.830355556E0	6.793037171E-1	-3.025579010E-1
4.834666667E0	6.774715061E-1	-3.029701667E-1
4.838977778E0	6.798562730E-1	-3.026338280E-1
4.843288889E0	6.788845215E-1	-3.017574870E-1
4.847600000E0	6.785171371E-1	-3.015265566E-1
4.851911111E0	6.811079805E-1	-2.998514233E-1
4.856333333E0	6.785509653E-1	-2.989585602E-1
4.860644444E0	6.713552117E-1	-2.983975332E-1
4.864955556E0	6.775488226E-1	-2.968174572E-1
4.869266667E0	6.769162042E-1	-2.950508731E-1
4.873577778E0	6.740364440E-1	-2.917021481E-1
4.877888889E0	6.759856979E-1	-2.875733261E-1
4.882200000E0	6.743362364E-1	-2.864537001E-1
4.886511111E0	6.726153850E-1	-2.833841164E-1
4.890822222E0	6.781269877E-1	-2.792036373E-1
4.895133333E0	6.834243130E-1	-2.679323813E-1
4.899444444E0	6.797449081E-1	-2.609382755E-1
4.903755556E0	6.869477535E-1	-2.577730450E-1
4.908066667E0	6.939215695E-1	-2.525876631E-1
4.912377778E0	6.884129224E-1	-2.495098594E-1
4.916688889E0	6.935160921E-1	-2.462591439E-1
4.921000000E0	6.771646385E-1	-2.342058863E-1
4.925311111E0	6.785572416E-1	-2.259393097E-1
4.929622222E0	6.829250902E-1	-2.206855175E-1
4.933933333E0	6.903011163E-1	-2.170467469E-1
4.938244444E0	6.857624947E-1	-2.137643612E-1
4.942666667E0	6.904392094E-1	-2.130215576E-1
4.946977778E0	6.885515717E-1	-2.116986409E-1
4.951288889E0	6.919468553E-1	-2.078279357E-1
4.955600000E0	6.879183002E-1	-2.072731278E-1
4.959911111E0	6.874604159E-1	-2.064440017E-1
4.964222222E0	6.875983038E-1	-2.039098279E-1
4.968533333E0	7.005277856E-1	-2.060601984E-1
4.972844444E0	6.914627485E-1	-2.054851029E-1
4.977155556E0	6.956428279E-1	-2.026756966E-1
4.981466667E0	6.909183355E-1	-2.030477485E-1
4.985777778E0	6.883183730E-1	-2.048171731E-1
4.990088889E0	6.831895228E-1	-2.034601731E-1
4.994400000E0	6.947326332E-1	-2.031111603E-1
4.998711111E0	6.848400744E-1	-2.034502322E-1
5.003022222E0	6.844237074E-1	-2.016385537E-1
5.007333333E0	6.829240886E-1	-2.014097040E-1
5.011644444E0	6.808754396E-1	-2.020518714E-1
5.015955556E0	6.825937246E-1	-2.019151220E-1
5.020266667E0	6.801888015E-1	-2.008687310E-1
5.024577778E0	6.751804415E-1	-2.012505716E-1
5.029000000E0	6.721411789E-1	-2.007961226E-1
5.033311111E0	6.737609993E-1	-2.013582382E-1
5.037622222E0	6.694381977E-1	-2.026622294E-1
5.041933333E0	6.691330092E-1	-2.008845355E-1
5.046244444E0	6.707757080E-1	-1.985514992E-1
5.050555556E0	6.695139328E-1	-1.998096152E-1
5.054866667E0	6.618440325E-1	-2.009086354E-1
5.059177778E0	6.615758219E-1	-2.008702263E-1
5.063488889E0	6.653292525E-1	-2.020395261E-1
5.067800000E0	6.623258206E-1	-2.011844948E-1
5.072111111E0	6.597783888E-1	-2.020837174E-1
5.076422222E0	6.649130655E-1	-2.024351684E-1
5.080733333E0	6.705122362E-1	-2.020307426E-1
5.085044444E0	6.620383602E-1	-1.999062010E-1
5.089355556E0	6.651827099E-1	-2.013116607E-1
5.093666667E0	6.684448062E-1	-2.030413194E-1
5.097977778E0	6.649324000E-1	-2.030927871E-1
5.102288889E0	6.639404795E-1	-2.019236889E-1
5.106600000E0	6.671724629E-1	-2.028884304E-1
5.110911111E0	6.684400163E-1	-2.038765768E-1
5.115222222E0	6.681984851E-1	-2.031564135E-1
5.119533333E0	6.682518163E-1	-2.048362807E-1
5.123955556E0	6.580672700E-1	-2.060769535E-1
5.128266667E0	6.604832815E-1	-2.047876226E-1
5.132577778E0	6.620406023E-1	-2.053565252E-1
5.136888889E0	6.654347542E-1	-2.064647145E-1
5.141200000E0	6.674754429E-1	-2.068359799E-1
5.145511111E0	6.688203683E-1	-2.079151754E-1
5.149822222E0	6.631225841E-1	-2.077483096E-1
5.154133333E0	6.644965802E-1	-2.086239374E-1
